Listening to port 4567
Connected!!!
42["estimate_marker",{"estimate_x":0.201778188347816,"estimate_y":0.385989159345627,"rmse_vx":4.80025005340576,"rmse_vy":0.00165880005806684,"rmse_x":0.158218815922737,"rmse_y":0.214051812887192}]
x_ = 0.218856
0.684229
0.243974
  4.2606
P_ = 0.0223563         0  0.319378         0
        0 0.0223563         0  0.319378
 0.319378         0   290.286         0
        0  0.319378         0   290.286
42["estimate_marker",{"estimate_x":0.218856220327669,"estimate_y":0.684228773967891,"rmse_vx":4.92391212894873,"rmse_vy":3.00917815072733,"rmse_x":0.131925944154939,"rmse_y":0.162600494996095}]
x_ = -0.197577
 0.770032
 -7.71018
  2.60778
P_ =  0.00184714  0.00414757   0.0142918 -0.00203804
 0.00414757   0.0167687 -0.00218859   0.0040978
  0.0142918 -0.00218859     7.95953    -2.01334
-0.00203804   0.0040978    -2.01334    0.605491
42["estimate_marker",{"estimate_x":-0.197577360714725,"estimate_y":0.770032321516413,"rmse_vx":4.35710719888809,"rmse_vy":2.87859979693001,"rmse_x":0.116648091049933,"rmse_y":0.164915731604615}]
x_ = -0.438365
 0.741116
 -4.45276
  1.72101
P_ =    0.0114126 -0.000295201     0.202082   -0.0501519
-0.000295201    0.0102064   -0.0507822    0.0177403
    0.202082   -0.0507822      4.04207     -1.01205
  -0.0501519    0.0177403     -1.01205      0.37152
42["estimate_marker",{"estimate_x":-0.438365067956105,"estimate_y":0.741116121351173,"rmse_vx":3.7773934464919,"rmse_vy":2.63458010342025,"rmse_x":0.108336107141488,"rmse_y":0.159025008676656}]
x_ = -0.670315
 0.603479
 -3.97928
  1.25975
P_ =    0.001471 -0.00132392   0.0126758  0.00209221
-0.00132392  0.00324282  -0.0152844 0.000166868
  0.0126758  -0.0152844    0.188687   0.0422337
 0.00209221 0.000166868   0.0422337   0.0829219
42["estimate_marker",{"estimate_x":-0.670314948367497,"estimate_y":0.60347857890132,"rmse_vx":3.39858843978767,"rmse_vy":2.42028677448542,"rmse_x":0.101850046576935,"rmse_y":0.142237300167721}]
x_ = -0.864802
 0.647968
 -3.94802
  1.21683
P_ =  0.00271581 -0.00143004   0.0190987  0.00400634
-0.00143004  0.00291115  -0.0100274  0.00451184
  0.0190987  -0.0100274    0.186071   0.0408381
 0.00400634  0.00451184   0.0408381    0.103696
42["estimate_marker",{"estimate_x":-0.86480238166342,"estimate_y":0.647967646951438,"rmse_vx":3.12204371944848,"rmse_vy":2.26149089729741,"rmse_x":0.093513418836485,"rmse_y":0.131091777800694}]
x_ = -1.12298
0.677394
-4.37647
 1.01418
P_ =  0.00264507 -0.00125564   0.0118445  0.00475669
-0.00125564  0.00183998 -0.00478602  0.00224711
  0.0118445 -0.00478602   0.0883804    0.035579
 0.00475669  0.00224711    0.035579   0.0858116
42["estimate_marker",{"estimate_x":-1.12297551410973,"estimate_y":0.677394391988808,"rmse_vx":2.89495987923445,"rmse_vy":2.12544246414877,"rmse_x":0.0880580387573607,"rmse_y":0.124346993817408}]
x_ = -1.31638
0.708254
-4.28296
0.997521
P_ =  0.00340307 -0.00089977   0.0141609  0.00583107
-0.00089977  0.00203877 -0.00206173  0.00671818
  0.0141609 -0.00206173    0.100015   0.0321162
 0.00583107  0.00671818   0.0321162    0.104498
42["estimate_marker",{"estimate_x":-1.31637828270942,"estimate_y":0.7082541131996,"rmse_vx":2.71426292179007,"rmse_vy":2.01562676225933,"rmse_x":0.0823843394951146,"rmse_y":0.12154952157093}]
x_ = -1.53797
0.709276
-4.32494
0.742266
P_ =   0.00331656 -0.000862472   0.00940997   0.00493876
-0.000862472   0.00174454 -0.000988852   0.00545042
  0.00940997 -0.000988852    0.0598508    0.0233833
  0.00493876   0.00545042    0.0233833    0.0851905
42["estimate_marker",{"estimate_x":-1.53796814215628,"estimate_y":0.709275703387875,"rmse_vx":2.56404454913187,"rmse_vy":1.91333684006222,"rmse_x":0.0780459675949191,"rmse_y":0.119113526830838}]
x_ = -1.70464
0.728621
-4.18839
 0.76068
P_ =   0.00368487 -0.000456165    0.0108454   0.00531588
-0.000456165   0.00225239  0.000425114   0.00936794
   0.0108454  0.000425114    0.0760981    0.0202451
  0.00531588   0.00936794    0.0202451     0.101971
42["estimate_marker",{"estimate_x":-1.70463975959906,"estimate_y":0.728620940947871,"rmse_vx":2.44031281471042,"rmse_vy":1.82745378206365,"rmse_x":0.0800805860163077,"rmse_y":0.118483606262356}]
x_ = -1.95581
0.717815
-4.44304
0.539056
P_ =   0.00360768 -0.000555942   0.00755485   0.00414085
-0.000555942   0.00200803  0.000343366   0.00755421
  0.00755485  0.000343366    0.0509337     0.016668
  0.00414085   0.00755421     0.016668    0.0851088
42["estimate_marker",{"estimate_x":-1.95581183224435,"estimate_y":0.717814509988035,"rmse_vx":2.32934451168651,"rmse_vy":1.74721609733197,"rmse_x":0.0806016593527447,"rmse_y":0.116681456891882}]
x_ = -2.19615
 0.75078
-4.48305
0.539658
P_ =   0.00375088 -0.000213352   0.00889744   0.00426233
-0.000213352   0.00263706   0.00113996    0.0109693
  0.00889744   0.00113996    0.0691571    0.0140741
  0.00426233    0.0109693    0.0140741     0.100635
42["estimate_marker",{"estimate_x":-2.19614683789685,"estimate_y":0.750780141543059,"rmse_vx":2.23215975028759,"rmse_vy":1.67701935677817,"rmse_x":0.0810364132033516,"rmse_y":0.117293558275509}]
x_ =   -2.48274
   0.65636
  -4.76227
0.00432079
P_ =  0.00373436  -0.0003037  0.00651111  0.00354985
 -0.0003037  0.00246911 0.000955274  0.00958989
 0.00651111 0.000955274   0.0480539   0.0141586
 0.00354985  0.00958989   0.0141586   0.0905621
42["estimate_marker",{"estimate_x":-2.48273797821009,"estimate_y":0.65636018584463,"rmse_vx":2.14463038023026,"rmse_vy":1.61174119962314,"rmse_x":0.0786247162501085,"rmse_y":0.112863128030509}]
x_ = -2.72554
 0.68334
-4.75932
0.107137
P_ =    0.0037636 -3.08211e-05   0.00789347   0.00356568
-3.08211e-05   0.00315422   0.00144302    0.0126283
  0.00789347   0.00144302    0.0671227    0.0117233
  0.00356568    0.0126283    0.0117233     0.104148
42["estimate_marker",{"estimate_x":-2.72553686868411,"estimate_y":0.683340183555214,"rmse_vx":2.06666349574039,"rmse_vy":1.55321597195653,"rmse_x":0.0764139658134099,"rmse_y":0.10931508161487}]
x_ = -2.98674
0.698734
-4.75754
0.115401
P_ =   0.00378326 -9.82017e-05   0.00588434   0.00309208
-9.82017e-05   0.00304483   0.00109006    0.0116541
  0.00588434   0.00109006    0.0462769    0.0116952
  0.00309208    0.0116541    0.0116952    0.0984865
42["estimate_marker",{"estimate_x":-2.98673651514739,"estimate_y":0.69873418514436,"rmse_vx":1.99663583950337,"rmse_vy":1.50070452596074,"rmse_x":0.0739459305790484,"rmse_y":0.106312815484466}]
x_ = -3.23789
0.733401
-4.77418
0.216297
P_ =   0.0037505 9.74253e-05  0.00729312  0.00298973
9.74253e-05    0.003729  0.00135931   0.0142842
 0.00729312  0.00135931    0.065836   0.0094678
 0.00298973   0.0142842   0.0094678    0.109616
42["estimate_marker",{"estimate_x":-3.23788715478407,"estimate_y":0.733400547972514,"rmse_vx":1.93325832900906,"rmse_vy":1.45305274857176,"rmse_x":0.0716131487159252,"rmse_y":0.104472050341296}]
x_ =  -3.48411
 0.702941
 -4.79433
0.0585989
P_ =  0.00378753 4.59436e-05   0.0055966   0.0027624
4.59436e-05  0.00370528  0.00131876   0.0136252
  0.0055966  0.00131876   0.0459998    0.011682
  0.0027624   0.0136252    0.011682    0.105766
42["estimate_marker",{"estimate_x":-3.48410863983375,"estimate_y":0.702941111797186,"rmse_vx":1.87554179492029,"rmse_vy":1.41046228921563,"rmse_x":0.0694749975978441,"rmse_y":0.101595479351693}]
x_ =  -3.73296
 0.646897
 -4.82666
-0.159398
P_ =  0.00373155 0.000188186  0.00704026   0.0026286
0.000188186  0.00431795  0.00146693   0.0157104
 0.00704026  0.00146693   0.0657289   0.0093651
  0.0026286   0.0157104   0.0093651    0.114276
42["estimate_marker",{"estimate_x":-3.73295590295333,"estimate_y":0.646896912296752,"rmse_vx":1.82270142750831,"rmse_vy":1.37469284107059,"rmse_x":0.0675433367550667,"rmse_y":0.0991942529791123}]
x_ =  -3.97126
  0.68366
 -4.89099
0.0128563
P_ =  0.00377557 0.000137688  0.00537937  0.00241283
0.000137688  0.00435454  0.00118789   0.0153832
 0.00537937  0.00118789   0.0452598  0.00987381
 0.00241283   0.0153832  0.00987381    0.112698
42["estimate_marker",{"estimate_x":-3.97126482425489,"estimate_y":0.683660470222997,"rmse_vx":1.77417419127364,"rmse_vy":1.33982183532162,"rmse_x":0.0657542515649134,"rmse_y":0.0966441739043131}]
x_ =  -4.25387
 0.629095
  -4.9702
-0.193217
P_ =  0.00370589 0.000224314   0.0068367  0.00221265
0.000224314  0.00485098  0.00123724   0.0168989
  0.0068367  0.00123724   0.0651743  0.00780398
 0.00221265   0.0168989  0.00780398    0.118704
42["estimate_marker",{"estimate_x":-4.25386812782799,"estimate_y":0.629094791248585,"rmse_vx":1.72960085022748,"rmse_vy":1.3114940282376,"rmse_x":0.0649637766677013,"rmse_y":0.0963166990818424}]
x_ =  -4.49549
 0.622403
 -4.95637
-0.180983
P_ =  0.00375927 0.000193559  0.00526279  0.00213081
0.000193559  0.00501068  0.00111569   0.0170552
 0.00526279  0.00111569   0.0449181  0.00893201
 0.00213081   0.0170552  0.00893201    0.119126
42["estimate_marker",{"estimate_x":-4.4954902348797,"estimate_y":0.622403128610837,"rmse_vx":1.68820102859622,"rmse_vy":1.28578671535656,"rmse_x":0.0642740536432825,"rmse_y":0.0972780358645338}]
x_ =   -4.7374
 0.677437
 -4.93764
0.0347007
P_ =  0.00368524 0.000240991   0.0067325  0.00190277
0.000240991  0.00535221  0.00110421   0.0179387
  0.0067325  0.00110421   0.0649264  0.00700387
 0.00190277   0.0179387  0.00700387    0.122613
42["estimate_marker",{"estimate_x":-4.73739570869641,"estimate_y":0.677436545793715,"rmse_vx":1.64959629455553,"rmse_vy":1.25889592176802,"rmse_x":0.063684204062598,"rmse_y":0.0965536487996646}]
x_ =  -4.9634
 0.74448
-4.96686
0.264793
P_ =  0.00374829 0.000242132  0.00523783  0.00201979
0.000242132  0.00562351  0.00129505   0.0184902
 0.00523783  0.00129505    0.044984  0.00952331
 0.00201979   0.0184902  0.00952331    0.124399
42["estimate_marker",{"estimate_x":-4.96340157105709,"estimate_y":0.74448017402588,"rmse_vx":1.61365333433823,"rmse_vy":1.23187770727413,"rmse_x":0.0627124681115871,"rmse_y":0.0947080539801475}]
x_ = -5.22472
0.745621
-4.99197
0.222493
P_ = 0.00367501 0.00026822 0.00671366 0.00178701
0.00026822 0.00578693  0.0012197  0.0187429
0.00671366  0.0012197  0.0649861 0.00740855
0.00178701  0.0187429 0.00740855   0.125648
42["estimate_marker",{"estimate_x":-5.22472144182233,"estimate_y":0.745620730876473,"rmse_vx":1.58010201833444,"rmse_vy":1.20723937431922,"rmse_x":0.0624405270444056,"rmse_y":0.0934512997660837}]
x_ = -5.48972
 0.72589
-5.10643
0.131799
P_ =  0.00374489 0.000299192  0.00525567  0.00205727
0.000299192  0.00618679   0.0015745   0.0197487
 0.00525567   0.0015745   0.0451666   0.0105754
 0.00205727   0.0197487   0.0105754    0.128963
42["estimate_marker",{"estimate_x":-5.48971520664237,"estimate_y":0.725890191820612,"rmse_vx":1.54930286247526,"rmse_vy":1.18563443563814,"rmse_x":0.0632510477671031,"rmse_y":0.0938513222504384}]
x_ = -5.71093
0.822482
-5.03184
0.421709
P_ =  0.00367269 0.000308069  0.00672937  0.00179753
0.000308069  0.00616333  0.00141654   0.0193939
 0.00672937  0.00141654   0.0651186  0.00811722
 0.00179753   0.0193939  0.00811722    0.128191
42["estimate_marker",{"estimate_x":-5.71093223447112,"estimate_y":0.822482194888239,"rmse_vx":1.51984281669954,"rmse_vy":1.16302874796442,"rmse_x":0.0631686404330828,"rmse_y":0.0922750941675457}]
x_ = -5.94048
0.913194
-4.77509
0.614018
P_ =  0.00374887 0.000369728  0.00529758  0.00219715
0.000369728  0.00669646  0.00190127   0.0208536
 0.00529758  0.00190127   0.0454012   0.0117764
 0.00219715   0.0208536   0.0117764    0.132936
42["estimate_marker",{"estimate_x":-5.94048317894695,"estimate_y":0.913193910968607,"rmse_vx":1.49144470379563,"rmse_vy":1.14129000353404,"rmse_x":0.0627386081398767,"rmse_y":0.0906906307439006}]
x_ = -6.13177
0.931936
-4.69031
0.587517
P_ =  0.00367656 0.000359522  0.00676186  0.00188233
0.000359522  0.00648686  0.00164228   0.0199277
 0.00676186  0.00164228   0.0652761  0.00889079
 0.00188233   0.0199277  0.00889079    0.130348
42["estimate_marker",{"estimate_x":-6.13177136214328,"estimate_y":0.931935530546791,"rmse_vx":1.46472762192727,"rmse_vy":1.12083606611508,"rmse_x":0.0616086351276327,"rmse_y":0.0890880604665446}]
x_ = -6.38308
0.973646
-4.96727
0.659093
P_ =  0.00375934 0.000450889  0.00536289  0.00241259
0.000450889   0.0071199  0.00227767   0.0217132
 0.00536289  0.00227767   0.0457538   0.0132836
 0.00241259   0.0217132   0.0132836    0.135986
42["estimate_marker",{"estimate_x":-6.38307536635198,"estimate_y":0.973646359138167,"rmse_vx":1.4395844751126,"rmse_vy":1.10139747448342,"rmse_x":0.0605825518721374,"rmse_y":0.0876137175395867}]
x_ = -6.65365
0.967725
-5.01445
0.537879
P_ =   0.0036859 0.000420591  0.00681264  0.00202924
0.000420591  0.00674177  0.00190684   0.0203056
 0.00681264  0.00190684   0.0655177  0.00988794
 0.00202924   0.0203056  0.00988794    0.131969
42["estimate_marker",{"estimate_x":-6.65364752720103,"estimate_y":0.967724657064476,"rmse_vx":1.41594666695824,"rmse_vy":1.08369897281172,"rmse_x":0.0600882299516297,"rmse_y":0.0862482364890118}]
x_ = -6.89392
0.994464
-5.00983
0.541619
P_ =  0.00376852 0.000521907  0.00538369  0.00255712
0.000521907  0.00753513  0.00240979   0.0226373
 0.00538369  0.00240979   0.0457551   0.0135422
 0.00255712   0.0226373   0.0135422    0.139384
42["estimate_marker",{"estimate_x":-6.89392330310246,"estimate_y":0.994464292482582,"rmse_vx":1.39347157523639,"rmse_vy":1.06723598320692,"rmse_x":0.0596373587625519,"rmse_y":0.0850978638944774}]
x_ =  -7.1342
 1.08812
-4.98057
0.740235
P_ =  0.00369117 0.000463064  0.00681962  0.00208275
0.000463064  0.00698864  0.00195863   0.0207318
 0.00681962  0.00195863   0.0654907  0.00993568
 0.00208275   0.0207318  0.00993568    0.133787
42["estimate_marker",{"estimate_x":-7.13420283531904,"estimate_y":1.08811973691936,"rmse_vx":1.37195529724751,"rmse_vy":1.05068118319726,"rmse_x":0.0592328828004367,"rmse_y":0.0837996180983607}]
x_ =  -7.3852
 1.07639
-4.92547
0.585554
P_ =  0.00378141 0.000599341  0.00543648  0.00275047
0.000599341  0.00790713  0.00269279   0.0234253
 0.00543648  0.00269279   0.0460192   0.0146502
 0.00275047   0.0234253   0.0146502    0.142058
42["estimate_marker",{"estimate_x":-7.38519818909765,"estimate_y":1.07638990852261,"rmse_vx":1.35124509336984,"rmse_vy":1.0363191462272,"rmse_x":0.0591620296754371,"rmse_y":0.0828371472406761}]
x_ = -7.61922
 1.12156
 -4.9004
0.634135
P_ =  0.00370075 0.000515481  0.00685631  0.00219781
0.000515481  0.00720002  0.00213905   0.0210619
 0.00685631  0.00213905   0.0656644   0.0106331
 0.00219781   0.0210619   0.0106331    0.135115
42["estimate_marker",{"estimate_x":-7.61921505247198,"estimate_y":1.12155915404676,"rmse_vx":1.33140472932529,"rmse_vy":1.0226826415127,"rmse_x":0.0589670464865082,"rmse_y":0.0819579954910774}]
x_ = -7.83553
 1.15726
-4.83946
0.649943
P_ =  0.00379008 0.000657397  0.00544741  0.00285368
0.000657397  0.00824135   0.0027691   0.0241493
 0.00544741   0.0027691   0.0459934   0.0147544
 0.00285368   0.0241493   0.0147544     0.14461
42["estimate_marker",{"estimate_x":-7.83552813943283,"estimate_y":1.15725878891641,"rmse_vx":1.31230708642506,"rmse_vy":1.01007941851592,"rmse_x":0.0583405088734002,"rmse_y":0.0813851780297069}]
x_ = -8.06534
 1.18818
-4.81748
0.647523
P_ =   0.0037051 0.000546732  0.00685602  0.00222383
0.000546732  0.00738652  0.00215365   0.0213687
 0.00685602  0.00215365   0.0656257   0.0106026
 0.00222383   0.0213687   0.0106026    0.136418
42["estimate_marker",{"estimate_x":-8.0653357800431,"estimate_y":1.18817547898472,"rmse_vx":1.29399260516645,"rmse_vy":0.998731611326503,"rmse_x":0.0576406804116971,"rmse_y":0.0813746299114381}]
x_ = -8.29855
 1.29671
-4.85513
 0.87852
P_ =   0.0037969 0.000704441  0.00545882  0.00293218
0.000704441  0.00853128  0.00285664   0.0247601
 0.00545882  0.00285664   0.0460252   0.0150179
 0.00293218   0.0247601   0.0150179    0.146706
42["estimate_marker",{"estimate_x":-8.29855219175472,"estimate_y":1.29670775777567,"rmse_vx":1.27651194851522,"rmse_vy":0.986181959653915,"rmse_x":0.0569308453041336,"rmse_y":0.08040553324589}]
x_ = -8.53087
  1.3296
-4.83773
0.848778
P_ =   0.0037086 0.000571939   0.0068591  0.00224586
0.000571939  0.00754373  0.00218646   0.0216148
  0.0068591  0.00218646   0.0656375   0.0107216
 0.00224586   0.0216148   0.0107216    0.137465
42["estimate_marker",{"estimate_x":-8.53086614232435,"estimate_y":1.3296016945685,"rmse_vx":1.25971335416903,"rmse_vy":0.974928677870643,"rmse_x":0.0562167965405768,"rmse_y":0.0798396675084015}]
x_ =  -8.7398
 1.36025
-4.49329
0.775024
P_ =  0.00380864 0.000764513  0.00551126  0.00309452
0.000764513  0.00878962  0.00311928   0.0252787
 0.00551126  0.00311928   0.0463233   0.0161315
 0.00309452   0.0252787   0.0161315    0.148338
42["estimate_marker",{"estimate_x":-8.73979614805862,"estimate_y":1.36024971609665,"rmse_vx":1.24400338849372,"rmse_vy":0.965700032196485,"rmse_x":0.0555390346122733,"rmse_y":0.0800190424894419}]
x_ = -8.96083
 1.46148
-4.47657
0.952207
P_ =  0.00371748 0.000612603  0.00689684  0.00235104
0.000612603  0.00767843  0.00235767   0.0218021
 0.00689684  0.00235767   0.0658402   0.0114508
 0.00235104   0.0218021   0.0114508    0.138204
42["estimate_marker",{"estimate_x":-8.96082710629293,"estimate_y":1.46148205872487,"rmse_vx":1.22890937996437,"rmse_vy":0.955528502345491,"rmse_x":0.0550325921116452,"rmse_y":0.0794188574492728}]
x_ = -9.19905
 1.48682
-4.73096
0.923979
P_ =  0.00382476 0.000834084  0.00558054  0.00330204
0.000834084  0.00900615  0.00341513   0.0256922
 0.00558054  0.00341513   0.0466765   0.0173414
 0.00330204   0.0256922   0.0173414     0.14961
42["estimate_marker",{"estimate_x":-9.19904797742112,"estimate_y":1.48681656111658,"rmse_vx":1.21384274044507,"rmse_vy":0.946796363897661,"rmse_x":0.0545073986959272,"rmse_y":0.0798071586340218}]
x_ = -9.45806
 1.50138
-4.77755
0.831484
P_ =  0.00372974 0.000660812  0.00694593  0.00248723
0.000660812  0.00778727  0.00255116    0.021937
 0.00694593  0.00255116   0.0660741   0.0122293
 0.00248723    0.021937   0.0122293    0.138758
42["estimate_marker",{"estimate_x":-9.45805701451851,"estimate_y":1.50137708781401,"rmse_vx":1.19939988278655,"rmse_vy":0.94066087178217,"rmse_x":0.0538548859933269,"rmse_y":0.0822385149271955}]
x_ = -9.70975
 1.49874
-4.90604
0.720001
P_ =   0.0038345 0.000882547  0.00559019  0.00340486
0.000882547  0.00922005  0.00344802   0.0261626
 0.00559019  0.00344802    0.046632   0.0173391
 0.00340486   0.0261626   0.0173391    0.151238
42["estimate_marker",{"estimate_x":-9.70974617522024,"estimate_y":1.49874432053656,"rmse_vx":1.18595147149047,"rmse_vy":0.938016644734395,"rmse_x":0.0532885714419683,"rmse_y":0.0884769668213594}]
x_ = -9.98438
 1.64371
-4.94193
 1.01891
P_ =  0.00373459 0.000685451   0.0069446  0.00251824
0.000685451  0.00789758  0.00254193    0.022122
  0.0069446  0.00254193   0.0660259    0.012147
 0.00251824    0.022122    0.012147    0.139549
42["estimate_marker",{"estimate_x":-9.98437560933479,"estimate_y":1.64370879795732,"rmse_vx":1.17325517296071,"rmse_vy":0.931538356639462,"rmse_x":0.0534280725318015,"rmse_y":0.0908496906076431}]
x_ =  -10.204
 1.77287
-4.78808
 1.22811
P_ = 0.00384686 0.00093767 0.00563256 0.00354715
0.00093767 0.00942322  0.0036333   0.026586
0.00563256  0.0036333  0.0468423  0.0180843
0.00354715   0.026586  0.0180843   0.152516
42["estimate_marker",{"estimate_x":-10.2039786758566,"estimate_y":1.77286653606214,"rmse_vx":1.16040207007531,"rmse_vy":0.923565441063171,"rmse_x":0.0532951856529126,"rmse_y":0.0914804513109014}]
x_ = -10.4008
 1.87335
 -4.7037
 1.34322
P_ =  0.00374292 0.000719618  0.00697188  0.00259869
0.000719618  0.00799866   0.0026514   0.0222698
 0.00697188   0.0026514   0.0661622   0.0126072
 0.00259869   0.0222698   0.0126072    0.140083
42["estimate_marker",{"estimate_x":-10.400848552209,"estimate_y":1.87334862987686,"rmse_vx":1.14781559376979,"rmse_vy":0.915425850890924,"rmse_x":0.0527494375733897,"rmse_y":0.0916986587534192}]
x_ =  -10.659
 1.96508
-4.87924
 1.43378
P_ = 0.00387039 0.00101999 0.00574653 0.00381767
0.00101999 0.00957892 0.00406151  0.0268356
0.00574653 0.00406151   0.047472  0.0199243
0.00381767  0.0268356  0.0199243   0.153029
42["estimate_marker",{"estimate_x":-10.6590422549052,"estimate_y":1.96508439039225,"rmse_vx":1.13637720335945,"rmse_vy":0.907391845505307,"rmse_x":0.0525460442023835,"rmse_y":0.0918482843094966}]
x_ = -10.8953
 2.01745
-4.86868
   1.382
P_ =  0.00376169 0.000780121  0.00705565  0.00279383
0.000780121  0.00806869  0.00294294   0.0223136
 0.00705565  0.00294294   0.0665878   0.0138304
 0.00279383   0.0223136   0.0138304    0.140172
42["estimate_marker",{"estimate_x":-10.8952874368484,"estimate_y":2.01744920094319,"rmse_vx":1.12538590673055,"rmse_vy":0.900923230289057,"rmse_x":0.0524960059370965,"rmse_y":0.0930727288155865}]
x_ = -11.1205
 2.11007
-4.81563
  1.4477
P_ = 0.00389421 0.00109982 0.00582948 0.00406098
0.00109982 0.00972514 0.00431958    0.02711
0.00582948 0.00431958  0.0478272  0.0209501
0.00406098    0.02711  0.0209501   0.153808
42["estimate_marker",{"estimate_x":-11.1205410490162,"estimate_y":2.11007057856769,"rmse_vx":1.11459445769143,"rmse_vy":0.894772499816895,"rmse_x":0.0524145066710968,"rmse_y":0.0943502090189736}]
x_ = -11.3042
  2.2708
-4.69349
 1.69928
P_ =  0.00377837 0.000832494  0.00710979  0.00294221
0.000832494  0.00813571  0.00310144   0.0223871
 0.00710979  0.00310144    0.066812   0.0144614
 0.00294221   0.0223871   0.0144614    0.140454
42["estimate_marker",{"estimate_x":-11.3041851521645,"estimate_y":2.27080146227733,"rmse_vx":1.1037273394371,"rmse_vy":0.887109935384799,"rmse_x":0.0518953264936717,"rmse_y":0.0941241251186509}]
x_ = -11.5448
 2.35397
-4.71294
 1.69494
P_ = 0.00392808 0.00119907 0.00597305 0.00438301
0.00119907 0.00983443 0.00475451  0.0272538
0.00597305 0.00475451  0.0485577  0.0227941
0.00438301  0.0272538  0.0227941   0.153981
42["estimate_marker",{"estimate_x":-11.5447561855566,"estimate_y":2.35396952514471,"rmse_vx":1.09337634542443,"rmse_vy":0.880369715611238,"rmse_x":0.0514818696452902,"rmse_y":0.0943083467418855}]
x_ = -11.7782
 2.50292
-4.69531
 1.86972
P_ =  0.00380408 0.000903154  0.00721139  0.00316339
0.000903154  0.00817925  0.00339174   0.0223831
 0.00721139  0.00339174   0.0672963   0.0156703
 0.00316339   0.0223831   0.0156703    0.140374
42["estimate_marker",{"estimate_x":-11.7781871079546,"estimate_y":2.50291668470107,"rmse_vx":1.08339221050457,"rmse_vy":0.873030350163756,"rmse_x":0.0511942478677343,"rmse_y":0.0937913257538579}]
x_ = -12.0325
 2.62433
-4.82669
 1.96523
P_ = 0.00396677 0.00130411 0.00611882 0.00471482
0.00130411 0.00993166 0.00513993  0.0273912
0.00611882 0.00513993  0.0492369  0.0243976
0.00471482  0.0273912  0.0243976   0.154196
42["estimate_marker",{"estimate_x":-12.0325455082424,"estimate_y":2.62433377469127,"rmse_vx":1.07467682364645,"rmse_vy":0.865784150252656,"rmse_x":0.0515311185608485,"rmse_y":0.093178221251509}]
x_ = -12.2751
 2.75959
-4.82069
 2.06491
P_ =  0.00383212 0.000975026  0.00731034  0.00337846
0.000975026  0.00821671  0.00364108   0.0223824
 0.00731034  0.00364108   0.0677371   0.0166981
 0.00337846   0.0223824   0.0166981    0.140327
42["estimate_marker",{"estimate_x":-12.2751090332543,"estimate_y":2.75959139127118,"rmse_vx":1.06644036316481,"rmse_vy":0.858610228928727,"rmse_x":0.0525005952889589,"rmse_y":0.0924168503694854}]
x_ = -12.5129
 2.83411
-4.72927
 1.96519
P_ = 0.00400909 0.00141142 0.00627013 0.00504583
0.00141142    0.01002 0.00550493  0.0275162
0.00627013 0.00550493  0.0499328  0.0259361
0.00504583  0.0275162  0.0259361   0.154353
42["estimate_marker",{"estimate_x":-12.5128621527211,"estimate_y":2.83410624746402,"rmse_vx":1.05805105494881,"rmse_vy":0.853066181117027,"rmse_x":0.0541040334629924,"rmse_y":0.0921647981066291}]
x_ = -12.7219
 3.00686
-4.66088
 2.17089
P_ = 0.00386213 0.00104696  0.0074114 0.00358827
0.00104696 0.00824922  0.0038739  0.0223771
 0.0074114  0.0038739  0.0681887  0.0176837
0.00358827  0.0223771  0.0176837   0.140241
42["estimate_marker",{"estimate_x":-12.721866862494,"estimate_y":3.00686195509864,"rmse_vx":1.04971099052625,"rmse_vy":0.846617426779012,"rmse_x":0.0553794233596095,"rmse_y":0.0914146232549317}]
x_ = -12.9454
 3.12925
-4.61301
 2.20384
P_ = 0.00405287 0.00151505 0.00642018 0.00535792
0.00151505  0.0100919 0.00583744   0.027605
0.00642018 0.00583744  0.0506158  0.0273536
0.00535792   0.027605  0.0273536   0.154399
42["estimate_marker",{"estimate_x":-12.9453547354835,"estimate_y":3.12924675611586,"rmse_vx":1.04156260498361,"rmse_vy":0.84070015763432,"rmse_x":0.056918321718238,"rmse_y":0.0907141318964379}]
x_ = -13.1384
 3.31619
-4.52452
 2.41683
P_ = 0.00389267 0.00111542 0.00751038 0.00378292
0.00111542 0.00827329 0.00408416  0.0223582
0.00751038 0.00408416  0.0686324  0.0185944
0.00378292  0.0223582  0.0185944   0.140107
42["estimate_marker",{"estimate_x":-13.138446846832,"estimate_y":3.31618507822161,"rmse_vx":1.03338195610471,"rmse_vy":0.83407460373932,"rmse_x":0.057797743051071,"rmse_y":0.0899779010712955}]
x_ = -13.3285
 3.41867
-4.39154
 2.35635
P_ = 0.00410401 0.00162554 0.00661192 0.00569903
0.00162554   0.010141 0.00624835  0.0276139
0.00661192 0.00624835  0.0515493  0.0291275
0.00569903  0.0276139  0.0291275   0.154076
42["estimate_marker",{"estimate_x":-13.3284663392154,"estimate_y":3.41866686773901,"rmse_vx":1.02502403149934,"rmse_vy":0.828551562006283,"rmse_x":0.0581596463112086,"rmse_y":0.0892220257726241}]
x_ = -13.5097
 3.56049
-4.31385
  2.4284
P_ = 0.00392947 0.00119081 0.00764101 0.00400681
0.00119081 0.00828324 0.00435216  0.0222924
0.00764101 0.00435216  0.0692472  0.0197572
0.00400681  0.0222924  0.0197572   0.139752
42["estimate_marker",{"estimate_x":-13.50972528937,"estimate_y":3.56048921659966,"rmse_vx":1.0167758587795,"rmse_vy":0.823246905476694,"rmse_x":0.0580435490555381,"rmse_y":0.0884810867914853}]
x_ = -13.7393
 3.72011
-4.35285
 2.53459
P_ = 0.00415407 0.00172709  0.0067781 0.00600502
0.00172709  0.0101776 0.00655771  0.0276223
 0.0067781 0.00655771  0.0522951   0.030476
0.00600502  0.0276223   0.030476   0.153874
42["estimate_marker",{"estimate_x":-13.7392547478665,"estimate_y":3.72011132801419,"rmse_vx":1.00909128466401,"rmse_vy":0.817886399198704,"rmse_x":0.0583815047204021,"rmse_y":0.0877594591428746}]
x_ = -13.9434
 3.82681
-4.33284
 2.48446
P_ =   0.003964 0.00125755 0.00774976 0.00419712
0.00125755 0.00828885 0.00454792  0.0222403
0.00774976 0.00454792  0.0697326  0.0206307
0.00419712  0.0222403  0.0206307   0.139505
42["estimate_marker",{"estimate_x":-13.9433681749055,"estimate_y":3.82681052672007,"rmse_vx":1.00176115390103,"rmse_vy":0.813812179055193,"rmse_x":0.0587578426351764,"rmse_y":0.0871456807733197}]
x_ = -14.1361
 3.98206
-4.18718
 2.54652
P_ = 0.00420192 0.00182006 0.00692858 0.00628048
0.00182006   0.010213 0.00681809  0.0276459
0.00692858 0.00681809   0.052969  0.0316499
0.00628048  0.0276459  0.0316499   0.153739
42["estimate_marker",{"estimate_x":-14.1360915702852,"estimate_y":3.98206482528584,"rmse_vx":0.994211461601241,"rmse_vy":0.810038933693844,"rmse_x":0.0589930300182674,"rmse_y":0.0865263161938776}]
x_ = -14.3234
 4.14738
-4.13552
 2.65174
P_ = 0.00399632 0.00131733 0.00784677  0.0043648
0.00131733 0.00829511 0.00470988  0.0222014
0.00784677 0.00470988  0.0701744  0.0213939
 0.0043648  0.0222014  0.0213939   0.139295
42["estimate_marker",{"estimate_x":-14.32336904877,"estimate_y":4.14737558114008,"rmse_vx":0.986865280694941,"rmse_vy":0.806124664888642,"rmse_x":0.0590605587238837,"rmse_y":0.0858799792079253}]
x_ = -14.5484
 4.29859
-4.11721
 2.68268
P_ = 0.00425528 0.00191628 0.00712012 0.00657438
0.00191628  0.0102327 0.00715631  0.0276024
0.00712012 0.00715631  0.0539054  0.0331581
0.00657438  0.0276024  0.0331581   0.153254
42["estimate_marker",{"estimate_x":-14.5483557534663,"estimate_y":4.29859073580729,"rmse_vx":0.97986323132941,"rmse_vy":0.802814484748684,"rmse_x":0.0597738336422331,"rmse_y":0.0852836551177839}]
x_ = -14.7274
 4.51296
-4.04425
 2.89982
P_ = 0.00403393 0.00138184 0.00797596 0.00455599
0.00138184 0.00829103  0.0049289  0.0221199
0.00797596  0.0049289  0.0707957  0.0223914
0.00455599  0.0221199  0.0223914   0.138865
42["estimate_marker",{"estimate_x":-14.7274175909581,"estimate_y":4.51296402745319,"rmse_vx":0.972980870207742,"rmse_vy":0.798340186397894,"rmse_x":0.0602098021357062,"rmse_y":0.0846846621057911}]
x_ = -14.9252
 4.66123
-3.98833
 2.89454
P_ = 0.00431808 0.00202127 0.00735657 0.00690293
0.00202127  0.0102381 0.00755421  0.0275051
0.00735657 0.00755421  0.0550621  0.0348898
0.00690293  0.0275051  0.0348898   0.152519
42["estimate_marker",{"estimate_x":-14.9251518171012,"estimate_y":4.66122943816172,"rmse_vx":0.966296011497107,"rmse_vy":0.794708382637959,"rmse_x":0.0608649869738865,"rmse_y":0.0840518545284953}]
x_ = -15.0696
 4.84321
 -3.8734
  3.0051
P_ = 0.00407889 0.00145348  0.0081368 0.00477401
0.00145348 0.00827735 0.00518846  0.0220039
 0.0081368 0.00518846  0.0715584  0.0235318
0.00477401  0.0220039  0.0235318   0.138278
42["estimate_marker",{"estimate_x":-15.0695653816962,"estimate_y":4.84320762125565,"rmse_vx":0.959577693248161,"rmse_vy":0.79088899476343,"rmse_x":0.0607863724284035,"rmse_y":0.0834501096591696}]
x_ = -15.2488
 4.97849
-3.79076
 2.94882
P_ = 0.00438494 0.00212576 0.00759334 0.00722828
0.00212576  0.0102324 0.00791065  0.0273932
0.00759334 0.00791065  0.0561661  0.0364427
0.00722828  0.0273932  0.0364427   0.151796
42["estimate_marker",{"estimate_x":-15.248817250879,"estimate_y":4.97849484391778,"rmse_vx":0.9529658351854,"rmse_vy":0.788498164868119,"rmse_x":0.0606975414375227,"rmse_y":0.082901328941404}]
x_ =  -15.428
 5.20169
-3.74792
  3.1487
P_ = 0.00412577 0.00152352 0.00829465   0.004984
0.00152352 0.00825834 0.00541808  0.0218862
0.00829465 0.00541808  0.0722805  0.0245468
  0.004984  0.0218862  0.0245468   0.137716
42["estimate_marker",{"estimate_x":-15.4279932812382,"estimate_y":5.20168992979838,"rmse_vx":0.946604215434182,"rmse_vy":0.784968437620767,"rmse_x":0.0606435413307791,"rmse_y":0.0823348160324195}]
x_ = -15.5856
 5.37897
-3.52596
 3.15223
P_ = 0.00445602    0.00223 0.00784134 0.00755037
   0.00223  0.0102182 0.00825893  0.0272627
0.00784134 0.00825893  0.0573207  0.0379685
0.00755037  0.0272627  0.0379685   0.150997
42["estimate_marker",{"estimate_x":-15.5856359518252,"estimate_y":5.37897262261802,"rmse_vx":0.939993412321609,"rmse_vy":0.78221680066804,"rmse_x":0.0604163941729536,"rmse_y":0.0817648143795081}]
x_ = -15.7861
 5.50204
-3.58292
 3.05652
P_ = 0.00417533 0.00159304 0.00845936 0.00519077
0.00159304 0.00823468 0.00564198  0.0217592
0.00845936 0.00564198  0.0730365  0.0255456
0.00519077  0.0217592  0.0255456   0.137106
42["estimate_marker",{"estimate_x":-15.7860898632332,"estimate_y":5.50204183801802,"rmse_vx":0.933862244035903,"rmse_vy":0.781506196210994,"rmse_x":0.0606055540431419,"rmse_y":0.0814302186735903}]
x_ = -15.9587
 5.63396
-3.58548
 3.00636
P_ = 0.00452081 0.00232133 0.00803797 0.00782663
0.00232133   0.010208 0.00849559  0.0271821
0.00803797 0.00849559  0.0581734   0.039063
0.00782663  0.0271821   0.039063   0.150493
42["estimate_marker",{"estimate_x":-15.9587192215873,"estimate_y":5.63395516045395,"rmse_vx":0.928201476933071,"rmse_vy":0.782563744288343,"rmse_x":0.0609169111845284,"rmse_y":0.081919805660542}]
x_ = -16.0836
 5.84933
-3.46082
 3.18862
P_ = 0.00421847 0.00165126 0.00858449 0.00535779
0.00165126 0.00821632 0.00578852  0.0216723
0.00858449 0.00578852  0.0735942   0.026258
0.00535779  0.0216723   0.026258   0.136692
42["estimate_marker",{"estimate_x":-16.0836344523559,"estimate_y":5.8493349294669,"rmse_vx":0.922477168934622,"rmse_vy":0.782103980520628,"rmse_x":0.0607200616017768,"rmse_y":0.0820513887309413}]
x_ = -16.2507
 5.99676
-3.35414
 3.12087
P_ = 0.00458796 0.00241011 0.00826395   0.008095
0.00241011  0.0101875 0.00877832    0.02705
0.00826395 0.00877832  0.0592465  0.0403481
  0.008095    0.02705  0.0403481   0.149696
42["estimate_marker",{"estimate_x":-16.2507153235216,"estimate_y":5.9967642672176,"rmse_vx":0.916788425758703,"rmse_vy":0.783626926193617,"rmse_x":0.0606379124654931,"rmse_y":0.0831422820988284}]
x_ = -16.3745
 6.27558
-3.22965
 3.44873
P_ = 0.00426465 0.00170966 0.00873401 0.00552883
0.00170966 0.00819107  0.0059698  0.0215518
0.00873401  0.0059698   0.074306  0.0271105
0.00552883  0.0215518  0.0271105   0.136093
42["estimate_marker",{"estimate_x":-16.374521914279,"estimate_y":6.27558096738504,"rmse_vx":0.911089240928201,"rmse_vy":0.781839427399344,"rmse_x":0.0603081996800761,"rmse_y":0.0829365873143178}]
x_ = -16.5187
 6.39917
-3.11059
 3.28487
P_ = 0.00466788 0.00250763 0.00856496 0.00839562
0.00250763  0.0101477 0.00915694  0.0268258
0.00856496 0.00915694  0.0607337  0.0419941
0.00839562  0.0268258  0.0419941   0.148436
42["estimate_marker",{"estimate_x":-16.5187465002485,"estimate_y":6.39917389511304,"rmse_vx":0.905419073767623,"rmse_vy":0.783023953872248,"rmse_x":0.0599656017462119,"rmse_y":0.084102636650847}]
x_ = -16.6706
 6.61809
-3.08471
 3.42594
P_ = 0.00432174 0.00177645 0.00893895 0.00573105
0.00177645 0.00815186 0.00621791  0.0213695
0.00893895 0.00621791  0.0752903  0.0282047
0.00573105  0.0213695  0.0282047   0.135201
42["estimate_marker",{"estimate_x":-16.6705680640722,"estimate_y":6.61808805136735,"rmse_vx":0.900076050078973,"rmse_vy":0.783200371710212,"rmse_x":0.0596758755039385,"rmse_y":0.0850164368768869}]
x_ = -16.8326
 6.80897
-3.12553
 3.48806
P_ = 0.00474631 0.00259895 0.00882391 0.00867788
0.00259895  0.0101095 0.00943405   0.026652
0.00882391 0.00943405  0.0618998   0.043233
0.00867788   0.026652   0.043233   0.147531
42["estimate_marker",{"estimate_x":-16.8326223859854,"estimate_y":6.80897088470479,"rmse_vx":0.895469428364997,"rmse_vy":0.783445793900927,"rmse_x":0.0595974340566287,"rmse_y":0.0863768400600107}]
x_ = -17.0242
 7.07889
 -3.1603
 3.72199
P_ =  0.0043753 0.00183629 0.00910793 0.00590862
0.00183629 0.00811643 0.00639414  0.0212284
0.00910793 0.00639414  0.0760521   0.029015
0.00590862  0.0212284   0.029015   0.134548
42["estimate_marker",{"estimate_x":-17.0241533483985,"estimate_y":7.07888674210062,"rmse_vx":0.891815736081867,"rmse_vy":0.781759195159984,"rmse_x":0.0605021361401834,"rmse_y":0.0866545155378597}]
x_ = -17.1476
  7.2733
-2.90526
 3.67298
P_ = 0.00483301 0.00269409 0.00913017 0.00896941
0.00269409  0.0100634 0.00976378  0.0264309
0.00913017 0.00976378  0.0633582    0.04468
0.00896941  0.0264309    0.04468   0.146321
42["estimate_marker",{"estimate_x":-17.1475957315256,"estimate_y":7.27329762825088,"rmse_vx":0.887267476989886,"rmse_vy":0.781348816721529,"rmse_x":0.0612509397463952,"rmse_y":0.0873442344538907}]
x_ = -17.2333
 7.57715
-2.74614
 3.99534
P_ = 0.00443571 0.00189973  0.0093122  0.0060979
0.00189973 0.00807427 0.00660645  0.0210513
 0.0093122 0.00660645  0.0770127  0.0299692
 0.0060979  0.0210513  0.0299692   0.133684
42["estimate_marker",{"estimate_x":-17.2333309667112,"estimate_y":7.57714704166922,"rmse_vx":0.882538599866813,"rmse_vy":0.778435702664063,"rmse_x":0.0613220460376108,"rmse_y":0.086984897446219}]
x_ = -17.3728
 7.75912
-2.77951
 3.95947
P_ = 0.00493762 0.00279837 0.00952979 0.00928767
0.00279837 0.00998987  0.0101816  0.0260871
0.00952979  0.0101816  0.0653159  0.0464466
0.00928767  0.0260871  0.0464466    0.14452
42["estimate_marker",{"estimate_x":-17.3727673726325,"estimate_y":7.75912153489137,"rmse_vx":0.878634927287709,"rmse_vy":0.776382251050656,"rmse_x":0.0617047260482337,"rmse_y":0.0870665350902433}]
x_ = -17.4937
 7.92113
-2.75776
 3.87413
P_ = 0.00451076 0.00197162 0.00958439 0.00631401
0.00197162 0.00801287 0.00688038  0.0207942
0.00958439 0.00688038  0.0783021  0.0311421
0.00631401  0.0207942  0.0311421   0.132455
42["estimate_marker",{"estimate_x":-17.4937458981886,"estimate_y":7.92113464069369,"rmse_vx":0.875389919749053,"rmse_vy":0.775817285848649,"rmse_x":0.0622086629203567,"rmse_y":0.0882908250529049}]
x_ = -17.6041
   8.137
-2.58784
 3.88857
P_ = 0.00503212 0.00288924 0.00981821 0.00956996
0.00288924 0.00993067  0.0104131  0.0258777
0.00981821  0.0104131  0.0665364  0.0475203
0.00956996  0.0258777  0.0475203   0.143542
42["estimate_marker",{"estimate_x":-17.604112526615,"estimate_y":8.1369961643311,"rmse_vx":0.871794170558082,"rmse_vy":0.775735684951965,"rmse_x":0.0627396014440484,"rmse_y":0.0898121372610086}]
x_ = -17.7389
 8.38795
-2.57702
 4.02903
P_ =  0.0045737 0.00202971 0.00976743 0.00648505
0.00202971 0.00796585 0.00702477  0.0206379
0.00976743 0.00702477   0.079093  0.0318387
0.00648505  0.0206379  0.0318387   0.131764
42["estimate_marker",{"estimate_x":-17.7389493548825,"estimate_y":8.38795481915145,"rmse_vx":0.868989024269617,"rmse_vy":0.774710124401619,"rmse_x":0.0639260711540661,"rmse_y":0.0909143190757135}]
x_ = -17.8249
 8.55603
-2.31415
 3.86287
P_ = 0.00513095 0.00297785  0.0101511  0.0098363
0.00297785 0.00986303  0.0106958  0.0256086
 0.0101511  0.0106958  0.0681039  0.0487909
 0.0098363  0.0256086  0.0487909   0.142156
42["estimate_marker",{"estimate_x":-17.8249440125477,"estimate_y":8.55602519446602,"rmse_vx":0.865234963765726,"rmse_vy":0.776253871602665,"rmse_x":0.0648263899402172,"rmse_y":0.093620568544254}]
x_ = -17.8761
 8.88002
-2.13569
 4.21014
P_ = 0.00464155 0.00208798 0.00998724  0.0066552
0.00208798 0.00791181 0.00720628  0.0204377
0.00998724 0.00720628  0.0801299  0.0326834
 0.0066552  0.0204377  0.0326834   0.130796
42["estimate_marker",{"estimate_x":-17.8761295309183,"estimate_y":8.88002408069585,"rmse_vx":0.861219292667137,"rmse_vy":0.77447969990107,"rmse_x":0.0650065936381718,"rmse_y":0.0943209187819865}]
x_ = -17.9547
  9.0983
-1.87599
 4.13405
P_ =  0.0052437 0.00306968  0.0105648   0.010108
0.00306968 0.00977307  0.0110437   0.025234
 0.0105648  0.0110437   0.070117  0.0502762
  0.010108   0.025234  0.0502762   0.140253
42["estimate_marker",{"estimate_x":-17.9547338163692,"estimate_y":9.09829843257356,"rmse_vx":0.856716597835028,"rmse_vy":0.773913190189402,"rmse_x":0.0650960012397876,"rmse_y":0.0954251092996239}]
x_ = -17.9433
 9.45572
-1.60587
 4.54188
P_ = 0.00472132 0.00215044  0.0102668 0.00683753
0.00215044 0.00784191 0.00743378  0.0201679
 0.0102668 0.00743378  0.0814606   0.033677
0.00683753  0.0201679   0.033677   0.129508
42["estimate_marker",{"estimate_x":-17.9433124901267,"estimate_y":9.45571898935816,"rmse_vx":0.85198639425005,"rmse_vy":0.770524136215972,"rmse_x":0.0647614150610428,"rmse_y":0.095053804040757}]
x_ = -18.0077
 9.69436
-1.48531
 4.52937
P_ = 0.00538255 0.00317066  0.0111042  0.0104009
0.00317066 0.00964852  0.0114727  0.0247106
 0.0111042  0.0114727  0.0727652  0.0520217
 0.0104009  0.0247106  0.0520217   0.137654
42["estimate_marker",{"estimate_x":-18.0077392693161,"estimate_y":9.69435735137527,"rmse_vx":0.847336190217383,"rmse_vy":0.767485134591365,"rmse_x":0.0644661203070827,"rmse_y":0.0947364842663666}]
x_ = -18.0899
 9.93192
-1.49664
  4.5541
P_ = 0.00482174 0.00222099  0.0106359 0.00704151
0.00222099 0.00774749 0.00771695  0.0198001
 0.0106359 0.00771695  0.0832034  0.0348469
0.00704151  0.0198001  0.0348469   0.127787
42["estimate_marker",{"estimate_x":-18.0899449807832,"estimate_y":9.93192437225844,"rmse_vx":0.843023626336053,"rmse_vy":0.764574867823898,"rmse_x":0.0641263185551378,"rmse_y":0.0945014191975194}]
x_ =  -18.184
 10.1172
-1.47915
 4.39806
P_ =  0.0055219 0.00326639  0.0115719  0.0106924
0.00326639 0.00953188  0.0117689  0.0242959
 0.0115719  0.0117689  0.0748536   0.053314
 0.0106924  0.0242959   0.053314   0.135741
42["estimate_marker",{"estimate_x":-18.1839918681096,"estimate_y":10.1171705351621,"rmse_vx":0.839158396615554,"rmse_vy":0.763106773829557,"rmse_x":0.0638199108240136,"rmse_y":0.0950185107693313}]
x_ = -18.1761
 10.4165
-1.27927
 4.61976
P_ = 0.00491745 0.00228412  0.0109417 0.00722612
0.00228412 0.00766208 0.00790733  0.0195129
 0.0109417 0.00790733  0.0845597  0.0356965
0.00722612  0.0195129  0.0356965   0.126506
42["estimate_marker",{"estimate_x":-18.1760904934518,"estimate_y":10.416530011473,"rmse_vx":0.835090189234355,"rmse_vy":0.760287482064406,"rmse_x":0.0636189320141781,"rmse_y":0.0949287167375454}]
x_ = -18.2616
 10.6518
-1.42505
 4.68563
