Listening to port 4567
Connected!!!
42["estimate_marker",{"estimate_x":0.312242686748505,"estimate_y":0.580339789390564,"rmse_vx":5.19993686676025,"rmse_vy":0.0,"rmse_x":0.287757337093353,"rmse_y":0.0196602344512939}]
x_ = 0.779913
0.722413
 6.65259
 1.97674
P_ =   0.0188397   0.0342893  0.00441314 -0.00217457
  0.0342893   0.0641216 -0.00217459  0.00154144
 0.00441314 -0.00217459     221.662    -119.214
-0.00217457  0.00154144    -119.214     64.2309
42["estimate_marker",{"estimate_x":0.779912753375564,"estimate_y":0.72241346804597,"rmse_vx":3.8177280141989,"rmse_vy":1.39649768126095,"rmse_x":0.211208118781878,"rmse_y":0.0876372916108444}]
x_ =  1.11254
0.821251
 6.65259
 1.97674
P_ =  0.573451 -0.263962   11.0881  -5.96285
-0.263962  0.224867  -5.96285   3.21365
  11.0881  -5.96285   221.685  -119.214
 -5.96285   3.21365  -119.214   64.2534
42["estimate_marker",{"estimate_x":1.11254223129031,"estimate_y":0.821250610354694,"rmse_vx":3.22809384408255,"rmse_vy":1.61107041478391,"rmse_x":0.172504221453239,"rmse_y":0.146302290666706}]
x_ =  0.78187
0.236848
 3.90867
  2.6457
P_ =  0.0145161  0.0104545  0.0550815 -0.0523621
 0.0104545  0.0105564  0.0308534 -0.0263874
 0.0550815  0.0308534   0.276036  -0.232627
-0.0523621 -0.0263874  -0.232627   0.306754
42["estimate_marker",{"estimate_x":0.781869829764649,"estimate_y":0.236847726831035,"rmse_vx":2.86908858972497,"rmse_vy":1.91894989052489,"rmse_x":0.33428246061682,"rmse_y":0.221669655704341}]
x_ = 0.977303
0.369133
 3.90867
  2.6457
P_ =  0.0207284 0.00879746  0.0694458 -0.0639934
0.00879746 0.00869857  0.0192221 -0.0104872
 0.0694458  0.0192221   0.298536  -0.232627
-0.0639934 -0.0104872  -0.232627   0.329254
42["estimate_marker",{"estimate_x":0.97730312566505,"estimate_y":0.36913289843105,"rmse_vx":2.63021180282815,"rmse_vy":2.08012074834805,"rmse_x":0.420955817637747,"rmse_y":0.223818357595548}]
x_ =  1.39558
0.471669
 4.77881
 1.90547
P_ =  0.0143494  0.0053271  0.0312163 -0.0388708
 0.0053271 0.00336772 0.00934025 -0.0103762
 0.0312163 0.00934025   0.103675 -0.0854009
-0.0388708 -0.0103762 -0.0854009   0.179851
42["estimate_marker",{"estimate_x":1.39557517615663,"estimate_y":0.471668719167918,"rmse_vx":2.4071250009342,"rmse_vy":2.04790135338677,"rmse_x":0.43594434274105,"rmse_y":0.211180088251338}]
x_ =  1.63452
0.566942
 4.77881
 1.90547
P_ =    0.0177443   0.00363707    0.0369626   -0.0431409
  0.00363707   0.00279379   0.00507021 -0.000821185
   0.0369626   0.00507021     0.126175   -0.0854009
  -0.0431409 -0.000821185   -0.0854009     0.202351
42["estimate_marker",{"estimate_x":1.63451580587512,"estimate_y":0.566942012194884,"rmse_vx":2.23415685650189,"rmse_vy":2.02315080209524,"rmse_x":0.449778902429947,"rmse_y":0.196018154079619}]
x_ =  1.94837
0.616567
 4.91254
 1.49269
P_ =  0.0128302 0.00226885  0.0187885 -0.0261128
0.00226885 0.00213888 0.00152119 0.00234791
 0.0187885 0.00152119  0.0644595 -0.0413706
-0.0261128 0.00234791 -0.0413706    0.13705
42["estimate_marker",{"estimate_x":1.94837249624467,"estimate_y":0.616567002505926,"rmse_vx":2.09225930550585,"rmse_vy":1.95999488969947,"rmse_x":0.452507759140057,"rmse_y":0.183394232727866}]
x_ =    2.194
0.691202
 4.91254
 1.49269
P_ =    0.0148842  0.000935845    0.0225739   -0.0281814
 0.000935845   0.00273036 -0.000547342   0.00976289
   0.0225739 -0.000547342    0.0869595   -0.0413706
  -0.0281814   0.00976289   -0.0413706      0.15955
42["estimate_marker",{"estimate_x":2.19399961896902,"estimate_y":0.691201512406125,"rmse_vx":1.97483879073511,"rmse_vy":1.90823304128807,"rmse_x":0.456270499698564,"rmse_y":0.175055313591223}]
x_ =  2.59514
0.693552
 5.16947
0.933135
P_ =    0.0114653  0.000893456    0.0125018   -0.0168259
 0.000893456   0.00254364 -0.000894518    0.0087121
   0.0125018 -0.000894518    0.0532205    -0.024654
  -0.0168259    0.0087121    -0.024654     0.116575
42["estimate_marker",{"estimate_x":2.59514014714614,"estimate_y":0.693551926593985,"rmse_vx":1.87351147027593,"rmse_vy":1.83026990253492,"rmse_x":0.446308651410558,"rmse_y":0.168024530928688}]
x_ =  2.85361
0.740209
 5.16947
0.933135
P_ =    0.0128626 -5.41994e-05    0.0157254   -0.0180586
-5.41994e-05   0.00372035  -0.00212722    0.0151033
   0.0157254  -0.00212722    0.0757205    -0.024654
  -0.0180586    0.0151033    -0.024654     0.139075
42["estimate_marker",{"estimate_x":2.8536134970906,"estimate_y":0.740208652984406,"rmse_vx":1.78633541679952,"rmse_vy":1.76314349214653,"rmse_x":0.438073455134464,"rmse_y":0.164437658667928}]
x_ =  3.24496
0.660294
 5.32238
0.290107
P_ =    0.010711 0.000211696  0.00932714   -0.011717
0.000211696  0.00350997 -0.00174231   0.0129853
 0.00932714 -0.00174231   0.0491879  -0.0181291
  -0.011717   0.0129853  -0.0181291    0.114694
42["estimate_marker",{"estimate_x":3.24495705691248,"estimate_y":0.660293817682483,"rmse_vx":1.71071526574439,"rmse_vy":1.68881081452871,"rmse_x":0.423918918407642,"rmse_y":0.157810953788549}]
x_ =  3.51108
0.674799
 5.32238
0.290107
P_ =    0.0117807 -0.000506592     0.012349   -0.0126234
-0.000506592   0.00510931  -0.00264876    0.0192825
    0.012349  -0.00264876    0.0716879   -0.0181291
  -0.0126234    0.0192825   -0.0181291     0.137194
42["estimate_marker",{"estimate_x":3.51107622984616,"estimate_y":0.674799157952578,"rmse_vx":1.64402748557729,"rmse_vy":1.62309398294849,"rmse_x":0.411300885722968,"rmse_y":0.152148003230041}]
x_ =  3.84273
0.671794
 5.44072
0.191846
P_ =   0.0102338 -0.00017874   0.0075305 -0.00862792
-0.00017874  0.00473787 -0.00178926   0.0165915
  0.0075305 -0.00178926   0.0469219   -0.013592
-0.00862792   0.0165915   -0.013592    0.120188
42["estimate_marker",{"estimate_x":3.84273294315282,"estimate_y":0.67179360086125,"rmse_vx":1.58569582871167,"rmse_vy":1.56407186284567,"rmse_x":0.397962589287568,"rmse_y":0.146913362490574}]
x_ =  4.11477
0.681386
 5.44072
0.191846
P_ =    0.0111182 -0.000733579    0.0104391  -0.00930752
-0.000733579   0.00671156  -0.00246886    0.0231634
   0.0104391  -0.00246886    0.0694219    -0.013592
 -0.00930752    0.0231634    -0.013592     0.142688
42["estimate_marker",{"estimate_x":4.11476907191144,"estimate_y":0.681385883750765,"rmse_vx":1.53337722141004,"rmse_vy":1.51103736986642,"rmse_x":0.385747258446081,"rmse_y":0.142234767424404}]
x_ =  4.39697
0.678886
 5.32318
0.125972
P_ =   0.00985638 -0.000371405   0.00662909  -0.00649928
-0.000371405   0.00612757  -0.00179658    0.0198291
  0.00662909  -0.00179658    0.0461811   -0.0118738
 -0.00649928    0.0198291   -0.0118738     0.127396
42["estimate_marker",{"estimate_x":4.39697393436881,"estimate_y":0.678886272581454,"rmse_vx":1.48511986408117,"rmse_vy":1.46322204231722,"rmse_x":0.374308244115111,"rmse_y":0.137842292108266}]
x_ =  4.66313
0.685185
 5.32318
0.125972
P_ =    0.0106488 -0.000815882   0.00950065  -0.00709297
-0.000815882   0.00844303  -0.00239027    0.0267614
  0.00950065  -0.00239027    0.0686811   -0.0118738
 -0.00709297    0.0267614   -0.0118738     0.149896
42["estimate_marker",{"estimate_x":4.6631330327427,"estimate_y":0.685184871680895,"rmse_vx":1.44121800369238,"rmse_vy":1.41981562371826,"rmse_x":0.363805984564146,"rmse_y":0.133800012986738}]
x_ =   4.93376
 0.670604
  5.12071
0.0327873
P_ =   0.00955747 -0.000454997   0.00617406  -0.00504987
-0.000454997   0.00757537  -0.00183559    0.0227414
  0.00617406  -0.00183559    0.0459044   -0.0112607
 -0.00504987    0.0227414   -0.0112607     0.134908
42["estimate_marker",{"estimate_x":4.93376160826641,"estimate_y":0.670604450060933,"rmse_vx":1.40066574370519,"rmse_vy":1.38097051982433,"rmse_x":0.354050750671106,"rmse_y":0.130048319626204}]
x_ =    5.1898
 0.672244
  5.12071
0.0327873
P_ =    0.0103037 -0.000827422   0.00903178  -0.00561291
-0.000827422    0.0102008  -0.00239863    0.0300493
  0.00903178  -0.00239863    0.0684044   -0.0112607
 -0.00561291    0.0300493   -0.0112607     0.157408
42["estimate_marker",{"estimate_x":5.18979719521299,"estimate_y":0.672243815005241,"rmse_vx":1.3633523229086,"rmse_vy":1.34558171746879,"rmse_x":0.345120150360643,"rmse_y":0.12668023561551}]
x_ =    5.4447
 0.670916
  5.27379
0.0425973
P_ =    0.0093238 -0.000493785   0.00593527  -0.00409602
-0.000493785   0.00905006  -0.00184578    0.0254728
  0.00593527  -0.00184578    0.0457047   -0.0107839
 -0.00409602    0.0254728   -0.0107839      0.14254
42["estimate_marker",{"estimate_x":5.44469948615865,"estimate_y":0.670915684095872,"rmse_vx":1.32905732478513,"rmse_vy":1.31317168816002,"rmse_x":0.336923468822035,"rmse_y":0.123786209956014}]
x_ =   5.70839
 0.673046
  5.27379
0.0425973
P_ =    0.0100457 -0.000817835   0.00878301  -0.00463521
-0.000817835    0.0119677  -0.00238497    0.0331623
  0.00878301  -0.00238497    0.0682047   -0.0107839
 -0.00463521    0.0331623   -0.0107839      0.16504
42["estimate_marker",{"estimate_x":5.70838909793286,"estimate_y":0.673045546663459,"rmse_vx":1.29726767022373,"rmse_vy":1.28355093202406,"rmse_x":0.329265479973745,"rmse_y":0.121398276490813}]
x_ =   5.95326
 0.576823
  5.11046
-0.230997
P_ =   0.00914199 -0.000525819   0.00582135  -0.00351426
-0.000525819    0.0105831  -0.00190701    0.0282004
  0.00582135  -0.00190701    0.0455937    -0.010635
 -0.00351426    0.0282004    -0.010635     0.150303
42["estimate_marker",{"estimate_x":5.95326316004358,"estimate_y":0.576822528430109,"rmse_vx":1.26747532385141,"rmse_vy":1.26145972948908,"rmse_x":0.322304462929676,"rmse_y":0.124072780165968}]
x_ =   6.20879
 0.565273
  5.11046
-0.230997
P_ =  0.00985217 -0.00082347  0.00866353 -0.00404601
-0.00082347    0.013793 -0.00243876    0.036278
 0.00866353 -0.00243876   0.0680937   -0.010635
-0.00404601    0.036278   -0.010635    0.172803
42["estimate_marker",{"estimate_x":6.20878625223909,"estimate_y":0.565272671076504,"rmse_vx":1.23964007066391,"rmse_vy":1.24183469257941,"rmse_x":0.31584187875465,"rmse_y":0.128573444463306}]
x_ =    6.46973
  0.638333
   5.07558
-0.0196799
P_ =    0.0089962 -0.000537065   0.00571469  -0.00302386
-0.000537065    0.0121303  -0.00156964    0.0308507
  0.00571469  -0.00156964    0.0452161  -0.00879944
 -0.00302386    0.0308507  -0.00879944     0.157881
42["estimate_marker",{"estimate_x":6.46973432257855,"estimate_y":0.638333106082207,"rmse_vx":1.21361423165944,"rmse_vy":1.22010205896229,"rmse_x":0.309753846096038,"rmse_y":0.129741825525633}]
x_ =    6.72351
  0.637349
   5.07558
-0.0196799
P_ =   0.00969477 -0.000788739     0.008538  -0.00346383
-0.000788739    0.0156241  -0.00200961    0.0393073
    0.008538  -0.00200961    0.0677161  -0.00879944
 -0.00346383    0.0393073  -0.00879944     0.180381
42["estimate_marker",{"estimate_x":6.72351307991067,"estimate_y":0.637349112663263,"rmse_vx":1.18915268871864,"rmse_vy":1.2004951224926,"rmse_x":0.304084314432986,"rmse_y":0.132154618072696}]
x_ =    6.98406
  0.627014
   4.89737
-0.0586681
P_ =   0.00888359 -0.000571132   0.00570516  -0.00281718
-0.000571132    0.0137695  -0.00176962    0.0335811
  0.00570516  -0.00176962    0.0452591  -0.00940814
 -0.00281718    0.0335811  -0.00940814      0.16524
42["estimate_marker",{"estimate_x":6.98405593105583,"estimate_y":0.627014119361454,"rmse_vx":1.16692829588516,"rmse_vy":1.18368814333783,"rmse_x":0.298708530432288,"rmse_y":0.136493354519055}]
x_ =    7.22892
  0.624081
   4.89737
-0.0586681
P_ =   0.00958132 -0.000823992   0.00853062  -0.00328759
-0.000823992    0.0175548  -0.00224002    0.0424056
  0.00853062  -0.00224002    0.0677591  -0.00940814
 -0.00328759    0.0424056  -0.00940814      0.18774
42["estimate_marker",{"estimate_x":7.22892440020107,"estimate_y":0.624080714385533,"rmse_vx":1.14590517084012,"rmse_vy":1.16884090359863,"rmse_x":0.293780976974281,"rmse_y":0.142405122103014}]
x_ =   7.56695
 0.668595
  5.22002
0.0585622
P_ =   0.00879549 -0.000617793   0.00569878  -0.00271616
-0.000617793     0.015463  -0.00185773    0.0363087
  0.00569878  -0.00185773    0.0452118  -0.00939921
 -0.00271616    0.0363087  -0.00939921     0.172344
42["estimate_marker",{"estimate_x":7.56694569951122,"estimate_y":0.668594921381695,"rmse_vx":1.12545051453014,"rmse_vy":1.15347769782521,"rmse_x":0.288511307969154,"rmse_y":0.146943913155934}]
x_ =   7.82795
 0.671523
  5.22002
0.0585622
P_ =   0.00949246 -0.000869985   0.00852187  -0.00318612
-0.000869985    0.0195388  -0.00232769    0.0454884
  0.00852187  -0.00232769    0.0677118  -0.00939921
 -0.00318612    0.0454884  -0.00939921     0.194844
42["estimate_marker",{"estimate_x":7.82794667603771,"estimate_y":0.671523031328208,"rmse_vx":1.10610180277758,"rmse_vy":1.13990164206894,"rmse_x":0.283505339234587,"rmse_y":0.152867599313779}]
x_ =  8.08872
0.726961
 5.00777
0.161685
P_ =   0.00872982 -0.000704803   0.00571759  -0.00278079
-0.000704803    0.0173722  -0.00212581    0.0393846
  0.00571759  -0.00212581    0.0452568   -0.0100271
 -0.00278079    0.0393846   -0.0100271     0.179906
42["estimate_marker",{"estimate_x":8.0887220503972,"estimate_y":0.726961040933936,"rmse_vx":1.08761183895278,"rmse_vy":1.12608721608645,"rmse_x":0.278744105750236,"rmse_y":0.157171726898182}]
x_ =  8.33911
0.735045
 5.00777
0.161685
P_ =   0.00942878 -0.000975201   0.00854293  -0.00328214
-0.000975201    0.0217745  -0.00262716    0.0489424
  0.00854293  -0.00262716    0.0677568   -0.0100271
 -0.00328214    0.0489424   -0.0100271     0.202406
42["estimate_marker",{"estimate_x":8.33911047435418,"estimate_y":0.735045310435854,"rmse_vx":1.06999954698701,"rmse_vy":1.1139319875588,"rmse_x":0.274219772507831,"rmse_y":0.162761678060758}]
x_ =  8.60455
0.942689
 5.25869
0.616948
P_ =   0.00868291 -0.000828134   0.00575593   -0.0029712
-0.000828134    0.0193182  -0.00253886    0.0423221
  0.00575593  -0.00253886    0.0453764   -0.0111156
  -0.0029712    0.0423221   -0.0111156     0.186713
42["estimate_marker",{"estimate_x":8.60455487032587,"estimate_y":0.942689061092531,"rmse_vx":1.05370248170076,"rmse_vy":1.09726678667003,"rmse_x":0.269901082609541,"rmse_y":0.161537507813626}]
x_ =  8.86749
0.973536
 5.25869
0.616948
P_ =  0.00938601 -0.00113143  0.00858725 -0.00352699
-0.00113143   0.0240313 -0.00309464   0.0522202
 0.00858725 -0.00309464   0.0678764  -0.0111156
-0.00352699   0.0522202  -0.0111156    0.209213
42["estimate_marker",{"estimate_x":8.867489534772,"estimate_y":0.973536444829585,"rmse_vx":1.03823718708411,"rmse_vy":1.08179254405983,"rmse_x":0.265785617904785,"rmse_y":0.16070224763923}]
x_ =  9.19768
 1.02847
 5.27556
0.655036
P_ =  0.00866666 -0.00107458  0.00589443 -0.00355496
-0.00107458   0.0213484 -0.00372391   0.0451981
 0.00589443 -0.00372391   0.0459782    -0.01479
-0.00355496   0.0451981    -0.01479    0.192824
42["estimate_marker",{"estimate_x":9.19768239533408,"estimate_y":1.02847329767537,"rmse_vx":1.02366623850288,"rmse_vy":1.06717015733202,"rmse_x":0.262278274418092,"rmse_y":0.159734256525333}]
x_ =  9.46146
 1.06123
 5.27556
0.655036
P_ =  0.00938511  -0.0014755  0.00875584 -0.00429446
 -0.0014755   0.0263643 -0.00446341   0.0554018
 0.00875584 -0.00446341   0.0684782    -0.01479
-0.00429446   0.0554018    -0.01479    0.215324
42["estimate_marker",{"estimate_x":9.46146049664251,"estimate_y":1.06122508122321,"rmse_vx":1.00984067211436,"rmse_vy":1.05373059828171,"rmse_x":0.259053501936358,"rmse_y":0.159229683490117}]
x_ =  9.75532
 1.20096
 5.27729
0.868544
P_ =  0.00866912 -0.00137976  0.00601396 -0.00420032
-0.00137976   0.0235365 -0.00456532   0.0482929
 0.00601396 -0.00456532   0.0463463   -0.016932
-0.00420032   0.0482929   -0.016932    0.199406
42["estimate_marker",{"estimate_x":9.75531750058111,"estimate_y":1.20096003119109,"rmse_vx":0.996738185708614,"rmse_vy":1.03964024988539,"rmse_x":0.256536113124181,"rmse_y":0.157262999036799}]
x_ =  10.0192
 1.24439
 5.27729
0.868544
P_ =  0.00940045 -0.00186038  0.00889377 -0.00504692
-0.00186038   0.0288784 -0.00541192   0.0588257
 0.00889377 -0.00541192   0.0688463   -0.016932
-0.00504692   0.0588257   -0.016932    0.221906
42["estimate_marker",{"estimate_x":10.0191822316558,"estimate_y":1.24438723901629,"rmse_vx":0.984316432490075,"rmse_vy":1.02652294032577,"rmse_x":0.254352569787303,"rmse_y":0.155511412295671}]
x_ = 10.2684
1.38957
5.00783
1.04056
P_ =  0.00869659 -0.00177035  0.00618501  -0.0049995
-0.00177035   0.0258045 -0.00563918     0.05134
 0.00618501 -0.00563918   0.0469226  -0.0197722
 -0.0049995     0.05134  -0.0197722    0.205506
42["estimate_marker",{"estimate_x":10.2683593193767,"estimate_y":1.38957246473107,"rmse_vx":0.97129719295355,"rmse_vy":1.01329190913064,"rmse_x":0.252267671409735,"rmse_y":0.153484037232645}]
x_ = 10.5188
 1.4416
5.00783
1.04056
P_ =  0.00944646 -0.00235171  0.00909364 -0.00598811
-0.00235171   0.0314663 -0.00662779   0.0621778
 0.00909364 -0.00662779   0.0694226  -0.0197722
-0.00598811   0.0621778  -0.0197722    0.228006
42["estimate_marker",{"estimate_x":10.5187509605374,"estimate_y":1.44160032421796,"rmse_vx":0.958806899800763,"rmse_vy":1.00089177011287,"rmse_x":0.250310053920702,"rmse_y":0.151511150895813}]
x_ = 10.7463
1.53658
4.74198
1.09102
P_ =  0.00875117 -0.00224079  0.00640825 -0.00592347
-0.00224079   0.0280446 -0.00686076   0.0541482
 0.00640825 -0.00686076   0.0476664  -0.0229628
-0.00592347   0.0541482  -0.0229628    0.210857
42["estimate_marker",{"estimate_x":10.7462982318726,"estimate_y":1.53657866732101,"rmse_vx":0.947213303695997,"rmse_vy":0.989041626383477,"rmse_x":0.248141762219653,"rmse_y":0.149734743302042}]
x_ = 10.9834
1.59113
4.74198
1.09102
P_ =  0.00952522 -0.00293741  0.00935407 -0.00707161
-0.00293741   0.0340006  -0.0080089   0.0652536
 0.00935407  -0.0080089   0.0701664  -0.0229628
-0.00707161   0.0652536  -0.0229628    0.233357
42["estimate_marker",{"estimate_x":10.9833971524315,"estimate_y":1.59112978357838,"rmse_vx":0.935949546334263,"rmse_vy":0.978073775916564,"rmse_x":0.245941662350279,"rmse_y":0.14795165163232}]
x_ =  11.2676
 1.58987
  4.9164
0.998658
P_ =  0.00882489 -0.00275005  0.00663089 -0.00684742
-0.00275005   0.0302275 -0.00791514   0.0567651
 0.00663089 -0.00791514     0.04831  -0.0255524
-0.00684742   0.0567651  -0.0255524    0.215838
42["estimate_marker",{"estimate_x":11.2676015135046,"estimate_y":1.58987451244453,"rmse_vx":0.924753350627196,"rmse_vy":0.969002580011495,"rmse_x":0.24440295686247,"rmse_y":0.146360437945968}]
x_ =  11.5134
 1.63981
  4.9164
0.998658
P_ =  0.00962282 -0.00355205  0.00960889 -0.00812504
-0.00355205   0.0364576 -0.00919276   0.0681195
 0.00960889 -0.00919276     0.07081  -0.0255524
-0.00812504   0.0681195  -0.0255524    0.238338
42["estimate_marker",{"estimate_x":11.5134214883328,"estimate_y":1.63980739396588,"rmse_vx":0.913978373061058,"rmse_vy":0.961069077401393,"rmse_x":0.242961238492135,"rmse_y":0.145064523502928}]
x_ =  11.7268
 1.65485
  4.8383
0.932265
P_ =  0.00889641 -0.00323272  0.00675598 -0.00759318
-0.00323272   0.0325055 -0.00841789   0.0595805
 0.00675598 -0.00841789   0.0484632  -0.0264837
-0.00759318   0.0595805  -0.0264837    0.221431
42["estimate_marker",{"estimate_x":11.7267676969528,"estimate_y":1.65485446074128,"rmse_vx":0.903532899103714,"rmse_vy":0.955332018336341,"rmse_x":0.241146458399247,"rmse_y":0.144845045107932}]
x_ =  11.9687
 1.70147
  4.8383
0.932265
P_ =  0.00970723 -0.00409948  0.00974164 -0.00891737
-0.00409948   0.0390312 -0.00974208   0.0712146
 0.00974164 -0.00974208   0.0709632  -0.0264837
-0.00891737   0.0712146  -0.0264837    0.243931
42["estimate_marker",{"estimate_x":11.9686827639378,"estimate_y":1.70146770041732,"rmse_vx":0.893450775962757,"rmse_vy":0.950928814564118,"rmse_x":0.23941057467739,"rmse_y":0.145450674787241}]
x_ = 12.2168
1.85529
4.98301
1.14519
P_ =  0.00896159 -0.00367377  0.00683813 -0.00818146
-0.00367377   0.0347462 -0.00875804   0.0622625
 0.00683813 -0.00875804   0.0485225  -0.0270777
-0.00818146   0.0622625  -0.0270777    0.226679
42["estimate_marker",{"estimate_x":12.2168335197276,"estimate_y":1.85528648064729,"rmse_vx":0.884213036906405,"rmse_vy":0.94451682979726,"rmse_x":0.237853331216972,"rmse_y":0.144631313494069}]
x_ =  12.466
1.91255
4.98301
1.14519
P_ =  0.00978078 -0.00458844  0.00982676 -0.00953535
-0.00458844   0.0415532  -0.0101119   0.0741589
 0.00982676  -0.0101119   0.0710225  -0.0270777
-0.00953535   0.0741589  -0.0270777    0.249179
42["estimate_marker",{"estimate_x":12.4659838227248,"estimate_y":1.91254600585902,"rmse_vx":0.875444120535359,"rmse_vy":0.939323073486948,"rmse_x":0.236508880779448,"rmse_y":0.144379405828977}]
x_ = 12.7163
1.92818
5.08857
1.08935
P_ =  0.00904983 -0.00418453  0.00703332 -0.00892008
-0.00418453   0.0370459 -0.00969509   0.0649068
 0.00703332 -0.00969509   0.0491192   -0.029385
-0.00892008   0.0649068   -0.029385    0.231442
42["estimate_marker",{"estimate_x":12.7163397671841,"estimate_y":1.92818247400756,"rmse_vx":0.867975198139966,"rmse_vy":0.936350538444338,"rmse_x":0.235421017146906,"rmse_y":0.14600524193076}]
x_ = 12.9708
1.98265
5.08857
1.08935
P_ =  0.00989002 -0.00518875   0.0100518  -0.0103893
-0.00518875   0.0441293  -0.0111643   0.0770414
  0.0100518  -0.0111643   0.0716192   -0.029385
 -0.0103893   0.0770414   -0.029385    0.253942
42["estimate_marker",{"estimate_x":12.9707682633071,"estimate_y":1.98264980620928,"rmse_vx":0.861068470308489,"rmse_vy":0.934770492901602,"rmse_x":0.234690181864394,"rmse_y":0.148842557445403}]
x_ = 13.2272
2.19339
5.17457
1.37229
P_ =  0.00913448 -0.00467707  0.00715714 -0.00956777
-0.00467707   0.0394197  -0.0102549   0.0676759
 0.00715714  -0.0102549    0.049351  -0.0305267
-0.00956777   0.0676759  -0.0305267    0.236569
42["estimate_marker",{"estimate_x":13.2271579825634,"estimate_y":2.19338587575966,"rmse_vx":0.855727982496722,"rmse_vy":0.929856588767268,"rmse_x":0.234399545386637,"rmse_y":0.14863307216783}]
x_ = 13.4859
  2.262
5.17457
1.37229
P_ =  0.00998764 -0.00574452   0.0101872  -0.0110941
-0.00574452   0.0467928  -0.0117812   0.0800668
  0.0101872  -0.0117812    0.071851  -0.0305267
 -0.0110941   0.0800668  -0.0305267    0.259069
42["estimate_marker",{"estimate_x":13.4858862514304,"estimate_y":2.26200045056182,"rmse_vx":0.851042346703162,"rmse_vy":0.926161073009207,"rmse_x":0.234655309690399,"rmse_y":0.149128402411249}]
x_ = 13.5783
2.54273
4.65396
1.68604
P_ =  0.00925926 -0.00529163  0.00744938  -0.0104707
-0.00529163   0.0418627  -0.0115756   0.0703611
 0.00744938  -0.0115756   0.0502813  -0.0336902
 -0.0104707   0.0703611  -0.0336902    0.240989
42["estimate_marker",{"estimate_x":13.5782865250116,"estimate_y":2.54272946975052,"rmse_vx":0.842908500784568,"rmse_vy":0.919595841317967,"rmse_x":0.232889324804991,"rmse_y":0.147687848309296}]
x_ =  13.811
2.62703
4.65396
1.68604
P_ =    0.010144 -0.00647817    0.010526  -0.0121552
-0.00647817   0.0495153  -0.0132601    0.082973
   0.010526  -0.0132601   0.0727813  -0.0336902
 -0.0121552    0.082973  -0.0336902    0.263489
42["estimate_marker",{"estimate_x":13.8109845696421,"estimate_y":2.62703160586568,"rmse_vx":0.835108080615804,"rmse_vy":0.914017956691734,"rmse_x":0.231226374820217,"rmse_y":0.146323527658041}]
x_ = 14.0176
2.71992
4.59688
1.69703
P_ =   0.0094501 -0.00605825   0.0079698  -0.0116895
-0.00605825   0.0439993  -0.0136403   0.0722847
  0.0079698  -0.0136403   0.0520368  -0.0386726
 -0.0116895   0.0722847  -0.0386726    0.243517
42["estimate_marker",{"estimate_x":14.0175644767899,"estimate_y":2.71991651191522,"rmse_vx":0.82748852082913,"rmse_vy":0.909365907578652,"rmse_x":0.229453621702924,"rmse_y":0.145088090785323}]
x_ = 14.2474
2.80477
4.59688
1.69703
P_ =   0.0103912 -0.00742142   0.0111341  -0.0136231
-0.00742142   0.0518506  -0.0155739   0.0850231
  0.0111341  -0.0155739   0.0745368  -0.0386726
 -0.0136231   0.0850231  -0.0386726    0.266017
42["estimate_marker",{"estimate_x":14.2474083384285,"estimate_y":2.8047678722005,"rmse_vx":0.820216286647842,"rmse_vy":0.905837666542136,"rmse_x":0.227786516701553,"rmse_y":0.144137706693839}]
x_ = 14.5085
2.89284
4.79252
1.73415
P_ =  0.00966465 -0.00686736  0.00840938  -0.0129183
-0.00686736   0.0461762     -0.0151   0.0744319
 0.00840938     -0.0151   0.0531956  -0.0418904
 -0.0129183   0.0744319  -0.0418904    0.246976
42["estimate_marker",{"estimate_x":14.5085127972664,"estimate_y":2.89284015078323,"rmse_vx":0.814639921459538,"rmse_vy":0.902952453968322,"rmse_x":0.226560990784697,"rmse_y":0.143601875442}]
x_ = 14.7481
2.97955
4.79252
1.73415
P_ =   0.0106526 -0.00837301   0.0116317  -0.0150129
-0.00837301   0.0542509  -0.0171945   0.0873432
  0.0116317  -0.0171945   0.0756956  -0.0418904
 -0.0150129   0.0873432  -0.0418904    0.269476
42["estimate_marker",{"estimate_x":14.7481387387523,"estimate_y":2.97954784084166,"rmse_vx":0.809674350145543,"rmse_vy":0.90127956594925,"rmse_x":0.225627552329456,"rmse_y":0.143688816008199}]
x_ = 14.9429
3.28647
4.76225
2.09681
P_ =  0.00989248 -0.00770281  0.00878516  -0.0141073
-0.00770281   0.0485065  -0.0162334   0.0768902
 0.00878516  -0.0162334   0.0540121  -0.0442546
 -0.0141073   0.0768902  -0.0442546    0.251107
42["estimate_marker",{"estimate_x":14.9429010245939,"estimate_y":3.28646543910268,"rmse_vx":0.805053611310172,"rmse_vy":0.896029133873306,"rmse_x":0.224471815327019,"rmse_y":0.142498029587015}]
x_ =  15.181
3.39131
4.76225
2.09681
P_ =   0.0109201 -0.00933049   0.0120483  -0.0163201
-0.00933049   0.0568373  -0.0184461    0.090008
  0.0120483  -0.0184461   0.0765121  -0.0442546
 -0.0163201    0.090008  -0.0442546    0.273607
42["estimate_marker",{"estimate_x":15.1810135400928,"estimate_y":3.39130597121477,"rmse_vx":0.801120857427783,"rmse_vy":0.89172003465944,"rmse_x":0.223643877479214,"rmse_y":0.141285494204782}]
x_ =  15.373
3.63227
4.50269
2.26287
P_ =   0.0102003 -0.00870561  0.00944788  -0.0155648
-0.00870561   0.0507869  -0.0182826   0.0789873
 0.00944788  -0.0182826   0.0559571  -0.0488546
 -0.0155648   0.0789873  -0.0488546    0.253796
42["estimate_marker",{"estimate_x":15.3730100888995,"estimate_y":3.63226892146225,"rmse_vx":0.795490662912821,"rmse_vy":0.886607143244499,"rmse_x":0.222618454664092,"rmse_y":0.140777889908282}]
x_ = 15.5981
3.74541
4.50269
2.26287
P_ =   0.011299 -0.0105201  0.0128082 -0.0180075
-0.0105201  0.0593342 -0.0207254  0.0922396
 0.0128082 -0.0207254  0.0784571 -0.0488546
-0.0180075  0.0922396 -0.0488546   0.276296
42["estimate_marker",{"estimate_x":15.5981446256456,"estimate_y":3.74541258496882,"rmse_vx":0.790418122832015,"rmse_vy":0.882386678984538,"rmse_x":0.221825504513382,"rmse_y":0.139991564122931}]
x_ = 15.8199
 3.7537
4.47173
  2.093
P_ =   0.0105774 -0.00982721   0.0102236  -0.0171754
-0.00982721   0.0530166  -0.0204311   0.0809351
  0.0102236  -0.0204311   0.0581115  -0.0535238
 -0.0171754   0.0809351  -0.0535238     0.25614
42["estimate_marker",{"estimate_x":15.8198627020894,"estimate_y":3.75369669431819,"rmse_vx":0.785702769412698,"rmse_vy":0.881417670732952,"rmse_x":0.221270931628045,"rmse_y":0.139039212806716}]
x_ = 16.0434
3.85835
4.47173
  2.093
P_ =  0.0117591 -0.0118413  0.0136916 -0.0198516
-0.0118413  0.0617645 -0.0231073  0.0943046
 0.0136916 -0.0231073  0.0806115 -0.0535238
-0.0198516  0.0943046 -0.0535238    0.27864
42["estimate_marker",{"estimate_x":16.0434489564945,"estimate_y":3.8583466953071,"rmse_vx":0.781650280976063,"rmse_vy":0.88163770120215,"rmse_x":0.221036464326175,"rmse_y":0.138492277228509}]
x_ = 16.2417
4.00756
4.25399
2.11301
P_ =  0.0109356 -0.0108869  0.0107109 -0.0185781
-0.0108869  0.0553473 -0.0215303  0.0832943
 0.0107109 -0.0215303    0.05895 -0.0556532
-0.0185781  0.0832943 -0.0556532    0.25996
42["estimate_marker",{"estimate_x":16.2417281170532,"estimate_y":4.00756054719244,"rmse_vx":0.776496394291844,"rmse_vy":0.882744722721083,"rmse_x":0.220801364719309,"rmse_y":0.137984635451831}]
x_ = 16.4544
4.11321
4.25399
2.11301
P_ =  0.0121681 -0.0130315  0.0142209 -0.0213608
-0.0130315  0.0643407  -0.024313  0.0968547
 0.0142209  -0.024313    0.08145 -0.0556532
-0.0213608  0.0968547 -0.0556532    0.28246
42["estimate_marker",{"estimate_x":16.4544277965107,"estimate_y":4.1132108170115,"rmse_vx":0.771916572180135,"rmse_vy":0.885092570868277,"rmse_x":0.220828334595736,"rmse_y":0.138184425659748}]
x_ = 16.6733
4.27644
4.28075
2.20427
P_ =  0.0113112 -0.0119559  0.0112455 -0.0199217
-0.0119559  0.0576482 -0.0227943  0.0855003
 0.0112455 -0.0227943  0.0600865 -0.0582395
-0.0199217  0.0855003 -0.0582395   0.263198
42["estimate_marker",{"estimate_x":16.6732572559539,"estimate_y":4.27644244637852,"rmse_vx":0.768237965980888,"rmse_vy":0.887061519859962,"rmse_x":0.221283759991162,"rmse_y":0.138305856312697}]
x_ = 16.8873
4.38666
4.28075
2.20427
P_ =  0.0126001 -0.0142373  0.0148123 -0.0228337
-0.0142373  0.0668703 -0.0257062  0.0992228
 0.0148123 -0.0257062  0.0825865 -0.0582395
-0.0228337  0.0992228 -0.0582395   0.285698
42["estimate_marker",{"estimate_x":16.8872948722472,"estimate_y":4.38665582887947,"rmse_vx":0.765339869020645,"rmse_vy":0.890250767355708,"rmse_x":0.222168170765705,"rmse_y":0.139390035153681}]
x_ = 17.0208
4.61198
3.84956
2.28393
P_ =  0.0117145 -0.0130625  0.0118366 -0.0212734
-0.0130625  0.0599816 -0.0242054  0.0876743
 0.0118366 -0.0242054   0.061431 -0.0611177
-0.0212734  0.0876743 -0.0611177   0.266187
42["estimate_marker",{"estimate_x":17.0208138308978,"estimate_y":4.61197596644875,"rmse_vx":0.760009922171715,"rmse_vy":0.893211078153012,"rmse_x":0.222173401464765,"rmse_y":0.139385029400701}]
x_ = 17.2133
4.72617
3.84956
2.28393
P_ =  0.0130657 -0.0154892  0.0154706 -0.0243292
-0.0154892  0.0694286 -0.0272612   0.101546
 0.0154706 -0.0272612   0.083931 -0.0611177
-0.0243292   0.101546 -0.0611177   0.288687
42["estimate_marker",{"estimate_x":17.2132917608335,"estimate_y":4.72617270584025,"rmse_vx":0.755108745472854,"rmse_vy":0.897365494017146,"rmse_x":0.222339268822917,"rmse_y":0.140340349748556}]
x_ = 17.4009
4.79666
3.81851
2.21257
P_ =  0.0121718  -0.014224  0.0126001 -0.0226806
 -0.014224  0.0621165 -0.0259988  0.0893822
 0.0126001 -0.0259988  0.0633875 -0.0648144
-0.0226806  0.0893822 -0.0648144   0.268041
42["estimate_marker",{"estimate_x":17.4008685167972,"estimate_y":4.79666354438466,"rmse_vx":0.75055580199943,"rmse_vy":0.904125137628271,"rmse_x":0.222648205929415,"rmse_y":0.143797691993952}]
x_ = 17.5918
4.90729
3.81851
2.21257
P_ =  0.0136044   -0.01682   0.016332 -0.0259213
  -0.01682  0.0717389 -0.0292395   0.103347
  0.016332 -0.0292395  0.0858875 -0.0648144
-0.0259213   0.103347 -0.0648144   0.290541
42["estimate_marker",{"estimate_x":17.5917939134862,"estimate_y":4.90729192866773,"rmse_vx":0.74660688389591,"rmse_vy":0.912081270356427,"rmse_x":0.223216265960855,"rmse_y":0.149161261780647}]
x_ = 17.7659
4.95703
3.72737
 2.1043
P_ =  0.0126195 -0.0153477  0.0131845 -0.0239953
-0.0153477   0.064268 -0.0272194  0.0912921
 0.0131845 -0.0272194  0.0645607 -0.0672087
-0.0239953  0.0912921 -0.0672087   0.270737
42["estimate_marker",{"estimate_x":17.7658690675946,"estimate_y":4.9570295747313,"rmse_vx":0.742673427718577,"rmse_vy":0.923618793875961,"rmse_x":0.22383259819461,"rmse_y":0.159163230758531}]
x_ = 17.9522
5.06224
3.72737
 2.1043
P_ =  0.0141135 -0.0180765   0.016975 -0.0273557
-0.0180765  0.0740881 -0.0305799   0.105391
  0.016975 -0.0305799  0.0870607 -0.0672087
-0.0273557   0.105391 -0.0672087   0.293237
42["estimate_marker",{"estimate_x":17.9522373431864,"estimate_y":5.06224472358806,"rmse_vx":0.739455507851725,"rmse_vy":0.936269139788616,"rmse_x":0.224771316296743,"rmse_y":0.171699295418737}]
x_ =  18.071
5.35961
3.50167
2.33844
P_ =  0.0130359 -0.0163966  0.0136199 -0.0251523
-0.0163966  0.0664012 -0.0280719  0.0932648
 0.0136199 -0.0280719  0.0652688 -0.0688558
-0.0251523  0.0932648 -0.0688558   0.273744
42["estimate_marker",{"estimate_x":18.0709620731416,"estimate_y":5.35960880705227,"rmse_vx":0.73532663749035,"rmse_vy":0.944788709757133,"rmse_x":0.225002351967547,"rmse_y":0.178813317612515}]
x_ =  18.246
5.47653
3.50167
2.33844
P_ =  0.0145751 -0.0192299  0.0174458 -0.0285951
-0.0192299  0.0764261 -0.0315147   0.107514
 0.0174458 -0.0315147  0.0877688 -0.0688558
-0.0285951   0.107514 -0.0688558   0.296244
42["estimate_marker",{"estimate_x":18.2460454683316,"estimate_y":5.47653056456689,"rmse_vx":0.731846169060283,"rmse_vy":0.954357183814454,"rmse_x":0.225487478120723,"rmse_y":0.188097612942504}]
x_ = 18.3566
5.85779
3.40954
2.71094
P_ =  0.0135442 -0.0175606   0.014466  -0.026459
-0.0175606  0.0683411 -0.0299445   0.094622
  0.014466 -0.0299445  0.0675111 -0.0726417
 -0.026459   0.094622 -0.0726417   0.274851
42["estimate_marker",{"estimate_x":18.3565859787304,"estimate_y":5.85778800411895,"rmse_vx":0.728419720145557,"rmse_vy":0.957894504591219,"rmse_x":0.225369485756973,"rmse_y":0.191087285361189}]
x_ = 18.5271
5.99333
3.40954
2.71094
P_ =  0.0151736 -0.0205624  0.0184041 -0.0300911
-0.0205624  0.0785044 -0.0335766   0.108927
 0.0184041 -0.0335766  0.0900111 -0.0726417
-0.0300911   0.108927 -0.0726417   0.297351
42["estimate_marker",{"estimate_x":18.527062791139,"estimate_y":5.99333482448366,"rmse_vx":0.725784711667488,"rmse_vy":0.962368023870694,"rmse_x":0.22554150805912,"rmse_y":0.195507199557757}]
x_ = 18.6283
6.31543
3.22004
2.93584
P_ =  0.0142069 -0.0189202  0.0157567  -0.028046
-0.0189202  0.0700589 -0.0326384  0.0953877
 0.0157567 -0.0326384  0.0710864 -0.0779602
 -0.028046  0.0953877 -0.0779602   0.274363
42["estimate_marker",{"estimate_x":18.628347888476,"estimate_y":6.31543383707417,"rmse_vx":0.722461918149493,"rmse_vy":0.964155733569131,"rmse_x":0.225182593470159,"rmse_y":0.196966136223768}]
x_ = 18.7893
6.46223
3.22004
2.93584
P_ =  0.0159743 -0.0221493  0.0198735 -0.0319441
-0.0221493  0.0802976 -0.0365364   0.109668
 0.0198735 -0.0365364  0.0935864 -0.0779602
-0.0319441   0.109668 -0.0779602   0.296863
42["estimate_marker",{"estimate_x":18.7893499027643,"estimate_y":6.46222582837107,"rmse_vx":0.719940922373224,"rmse_vy":0.966774067641799,"rmse_x":0.225085142616119,"rmse_y":0.199508913382354}]
x_ = 18.9196
6.75032
3.20165
3.14065
P_ =  0.0150073 -0.0204303  0.0172483 -0.0298461
-0.0204303  0.0716173  -0.035407  0.0959475
 0.0172483  -0.035407  0.0749704 -0.0832842
-0.0298461  0.0959475 -0.0832842   0.273612
42["estimate_marker",{"estimate_x":18.9195589324795,"estimate_y":6.75031515442724,"rmse_vx":0.71819477405023,"rmse_vy":0.967275133629024,"rmse_x":0.224939855648229,"rmse_y":0.200411194956638}]
x_ = 19.0796
6.90735
3.20165
3.14065
P_ =  0.0169336 -0.0239012  0.0215593 -0.0340103
-0.0239012  0.0819102 -0.0395712   0.110191
 0.0215593 -0.0395712  0.0974704 -0.0832842
-0.0340103   0.110191 -0.0832842   0.296112
42["estimate_marker",{"estimate_x":19.0796416572978,"estimate_y":6.90734769521861,"rmse_vx":0.717536075654234,"rmse_vy":0.968505616158123,"rmse_x":0.225181403551165,"rmse_y":0.202200401891392}]
x_ = 19.1292
7.12409
2.85439
3.14098
P_ =  0.0159295 -0.0220674  0.0188268  -0.031801
-0.0220674  0.0731526 -0.0380259  0.0965981
 0.0188268 -0.0380259  0.0787759 -0.0882208
 -0.031801  0.0965981 -0.0882208    0.27321
42["estimate_marker",{"estimate_x":19.1291974542781,"estimate_y":7.12408773876361,"rmse_vx":0.714630698066809,"rmse_vy":0.970444840311502,"rmse_x":0.224579253507188,"rmse_y":0.203835403735179}]
x_ = 19.2719
7.28114
2.85439
3.14098
P_ =  0.0180232 -0.0257793   0.023328  -0.036212
-0.0257793  0.0835095  -0.042437   0.110821
  0.023328  -0.042437   0.101276 -0.0882208
 -0.036212   0.110821 -0.0882208    0.29571
42["estimate_marker",{"estimate_x":19.2719169609251,"estimate_y":7.28113690068834,"rmse_vx":0.712601195528692,"rmse_vy":0.973075528574959,"rmse_x":0.2242166306207,"rmse_y":0.206547903453281}]
x_ = 19.3948
7.48918
2.82276
3.20805
P_ =  0.0169192 -0.0237149   0.020368  -0.033729
-0.0237149  0.0745144 -0.0402933   0.097158
  0.020368 -0.0402933  0.0822433 -0.0924972
 -0.033729   0.097158 -0.0924972    0.27293
42["estimate_marker",{"estimate_x":19.3947617267558,"estimate_y":7.48917695249905,"rmse_vx":0.71129833624148,"rmse_vy":0.975400299101454,"rmse_x":0.223952930347948,"rmse_y":0.209347660422313}]
x_ = 19.5359
7.64958
2.82276
3.20805
P_ =  0.0191756 -0.0276473  0.0250427 -0.0383538
-0.0276473  0.0849266 -0.0449181   0.111367
 0.0250427 -0.0449181   0.104743 -0.0924972
-0.0383538   0.111367 -0.0924972    0.29543
42["estimate_marker",{"estimate_x":19.5358995008879,"estimate_y":7.64957964747309,"rmse_vx":0.711167528369249,"rmse_vy":0.978347654114094,"rmse_x":0.224063207326932,"rmse_y":0.213363266549153}]
x_ = 19.5933
 7.9027
2.71505
3.33765
P_ =  0.0179629 -0.0253862  0.0218481 -0.0356442
-0.0253862  0.0758969 -0.0422941   0.097899
 0.0218481 -0.0422941  0.0853552 -0.0962687
-0.0356442   0.097899 -0.0962687   0.273125
42["estimate_marker",{"estimate_x":19.5933266954115,"estimate_y":7.90270475418536,"rmse_vx":0.711049731867639,"rmse_vy":0.980070005134531,"rmse_x":0.22366857707153,"rmse_y":0.21650902439589}]
x_ = 19.7291
8.06959
2.71505
3.33765
P_ =  0.0203751 -0.0295238  0.0266783 -0.0404576
-0.0295238  0.0863837 -0.0471076   0.112118
 0.0266783 -0.0471076   0.107855 -0.0962687
-0.0404576   0.112118 -0.0962687   0.295625
42["estimate_marker",{"estimate_x":19.7290792795242,"estimate_y":8.06958701111819,"rmse_vx":0.712281393355744,"rmse_vy":0.982332787555239,"rmse_x":0.223682310232318,"rmse_y":0.220821708220128}]
x_ =  19.822
 8.2466
2.51198
3.28194
P_ =  0.0190798 -0.0270723  0.0234536 -0.0374987
-0.0270723  0.0771326 -0.0444004  0.0983729
 0.0234536 -0.0444004  0.0888771  -0.100213
-0.0374987  0.0983729  -0.100213   0.272629
42["estimate_marker",{"estimate_x":19.8220002388889,"estimate_y":8.24660229137434,"rmse_vx":0.712370436963637,"rmse_vy":0.985892886193257,"rmse_x":0.223701343326371,"rmse_y":0.226151745136218}]
x_ = 19.9476
 8.4107
2.51198
3.28194
P_ =  0.0216615 -0.0314178  0.0284599 -0.0425094
-0.0314178  0.0876655  -0.049411   0.112567
 0.0284599  -0.049411   0.111377  -0.100213
-0.0425094   0.112567  -0.100213   0.295129
42["estimate_marker",{"estimate_x":19.9475989967906,"estimate_y":8.41069934030371,"rmse_vx":0.713846467961404,"rmse_vy":0.989924963526721,"rmse_x":0.224196340813327,"rmse_y":0.232916408559724}]
x_ = 19.9693
8.75419
2.22216
3.44407
P_ =  0.0202164 -0.0287288  0.0249319 -0.0392928
-0.0287288  0.0783453 -0.0461732  0.0989841
 0.0249319 -0.0461732  0.0918842  -0.103561
-0.0392928  0.0989841  -0.103561   0.272637
42["estimate_marker",{"estimate_x":19.9693421686381,"estimate_y":8.75419085089392,"rmse_vx":0.71325761664974,"rmse_vy":0.992116040252176,"rmse_x":0.223990175423225,"rmse_y":0.236612783902457}]
x_ = 20.0804
8.92639
2.22216
3.44407
P_ =  0.0229534  -0.033261  0.0300886 -0.0444708
 -0.033261  0.0889394 -0.0513513   0.113178
 0.0300886 -0.0513513   0.114384  -0.103561
-0.0444708   0.113178  -0.103561   0.295137
42["estimate_marker",{"estimate_x":20.0804499745165,"estimate_y":8.92639433571666,"rmse_vx":0.713967351268553,"rmse_vy":0.994698039597722,"rmse_x":0.224179731946752,"rmse_y":0.241498861128991}]
x_ = 20.0818
9.22388
1.90398
3.51755
P_ =  0.0214759 -0.0304226  0.0268014 -0.0410163
-0.0304226   0.079279 -0.0484707  0.0989193
 0.0268014 -0.0484707   0.096236  -0.107764
-0.0410163  0.0989193  -0.107764   0.270828
42["estimate_marker",{"estimate_x":20.0818337880444,"estimate_y":9.22388436021478,"rmse_vx":0.712600946915898,"rmse_vy":0.996671167171787,"rmse_x":0.223682891952119,"rmse_y":0.24480356989178}]
x_ =  20.177
9.39976
1.90398
3.51755
P_ =  0.0244107 -0.0351663  0.0321757 -0.0464045
-0.0351663  0.0898621 -0.0538589   0.113023
 0.0321757 -0.0538589   0.118736  -0.107764
-0.0464045   0.113023  -0.107764   0.293328
42["estimate_marker",{"estimate_x":20.1770325777121,"estimate_y":9.39976207248532,"rmse_vx":0.712402752369764,"rmse_vy":0.998958042940511,"rmse_x":0.223483152758051,"rmse_y":0.249226897598005}]
x_ = 20.0835
10.0114
1.67469
4.09201
P_ =  0.0228425 -0.0321273  0.0288376 -0.0427177
-0.0321273  0.0799666 -0.0507888  0.0985151
 0.0288376 -0.0507888   0.100946  -0.111946
-0.0427177  0.0985151  -0.111946   0.268447
42["estimate_marker",{"estimate_x":20.0835319632128,"estimate_y":10.0113728373321,"rmse_vx":0.711167206711801,"rmse_vy":0.995833350868629,"rmse_x":0.222359082337256,"rmse_y":0.248303178883721}]
x_ = 20.1673
 10.216
1.67469
4.09201
P_ =  0.0259927 -0.0370825  0.0344474  -0.048315
