Listening to port 4567
Connected!!!
42["estimate_marker",{"estimate_x":0.201778188347816,"estimate_y":0.385989159345627,"rmse_vx":4.80025005340576,"rmse_vy":0.00165880005806684,"rmse_x":0.158218815922737,"rmse_y":0.214051812887192}]
x_ =     0.201778
    0.385989
1.39534e-306
6.75131e-306
P_ = 3.50001       0 50.0006       0
      0 3.50001       0 50.0006
50.0006       0 1000.02       0
      0 50.0006       0 1000.02
42["estimate_marker",{"estimate_x":0.201778188347816,"estimate_y":0.385989159345627,"rmse_vx":4.80041003493807,"rmse_vy":0.00370924310710083,"rmse_x":0.125943405561318,"rmse_y":0.214134828440496}]
x_ = -0.0137343
   0.57894
  -1.81744
   2.02533
P_ =    0.0178568    0.0338323    0.0013783  -0.00033246
   0.0338323    0.0648898 -0.000332463  0.000916124
   0.0013783 -0.000332463      71.4406      -37.299
 -0.00033246  0.000916124      -37.299      19.5882
42["estimate_marker",{"estimate_x":-0.0137343109917861,"estimate_y":0.578940257094243,"rmse_vx":4.28133483023776,"rmse_vy":1.16358499346297,"rmse_x":0.11975702189682,"rmse_y":0.175286214362673}]
x_ = -0.104606
 0.680207
 -1.81744
  2.02533
P_ =    0.19661 -0.0594485    3.57397   -1.86528
-0.0594485   0.113966   -1.86528   0.980889
   3.57397   -1.86528    71.4631    -37.299
  -1.86528   0.980889    -37.299    19.6107
42["estimate_marker",{"estimate_x":-0.104606481610987,"estimate_y":0.680206987634226,"rmse_vx":3.99669787279176,"rmse_vy":1.42274823209077,"rmse_x":0.164543757636027,"rmse_y":0.156852580909532}]
x_ = -0.567787
 0.339492
 -3.00161
  2.40112
P_ =  0.000708734   -0.0012469    0.0119883 -0.000906098
  -0.0012469   0.00827013   -0.0483189    0.0060097
   0.0119883   -0.0483189     0.373488  -0.00845912
-0.000906098    0.0060097  -0.00845912    0.0619686
42["estimate_marker",{"estimate_x":-0.567787368069634,"estimate_y":0.339492428427585,"rmse_vx":3.6643292982391,"rmse_vy":1.65791271595161,"rmse_x":0.147883216501142,"rmse_y":0.183012976829501}]
x_ = -0.717868
 0.459549
 -3.00161
  2.40112
P_ =  0.00285535  -0.0037293   0.0312252 -0.00132905
 -0.0037293  0.00904008  -0.0487418  0.00967063
  0.0312252  -0.0487418    0.395988 -0.00845912
-0.00132905  0.00967063 -0.00845912   0.0844686
42["estimate_marker",{"estimate_x":-0.717867722446009,"estimate_y":0.459548655454529,"rmse_vx":3.42494326508178,"rmse_vy":1.79548927293933,"rmse_x":0.143951233265801,"rmse_y":0.177139164529458}]
x_ = -0.942233
 0.571257
  -3.5554
  2.27879
P_ =   0.00228888  -0.00136943    0.0141511   0.00429595
 -0.00136943   0.00185156  -0.00869105 -0.000253199
   0.0141511  -0.00869105     0.118946    0.0439275
  0.00429595 -0.000253199    0.0439275    0.0773271
42["estimate_marker",{"estimate_x":-0.942233455217859,"estimate_y":0.571256878257195,"rmse_vx":3.205796494209,"rmse_vy":1.8641746957453,"rmse_x":0.143141923217405,"rmse_y":0.164518059363105}]
x_ =    -1.12
0.685196
 -3.5554
 2.27879
P_ =  0.00401541 -0.00147937   0.0206609  0.00649232
-0.00147937  0.00203362 -0.00649468  0.00417566
  0.0206609 -0.00649468    0.141446   0.0439275
 0.00649232  0.00417566   0.0439275   0.0998271
42["estimate_marker",{"estimate_x":-1.12000351600082,"estimate_y":0.685196331766167,"rmse_vx":3.03110366668813,"rmse_vy":1.91214198631406,"rmse_x":0.151521554287711,"rmse_y":0.156265783892568}]
x_ = -1.38495
0.711735
-3.98984
 1.63482
P_ =   0.0035921 -0.00117641   0.0125386  0.00553121
-0.00117641  0.00165044 -0.00259302  0.00366552
  0.0125386 -0.00259302   0.0755743   0.0313152
 0.00553121  0.00366552   0.0313152   0.0804577
42["estimate_marker",{"estimate_x":-1.38494792507476,"estimate_y":0.711735173433792,"rmse_vx":2.87066275169959,"rmse_vy":1.87629745422261,"rmse_x":0.154419442168133,"rmse_y":0.151046497682361}]
x_ = -1.58444
0.793476
-3.98984
 1.63482
P_ =   0.00504895 -0.000951215    0.0168798   0.00709697
-0.000951215    0.0022322  -0.00102726   0.00825091
   0.0168798  -0.00102726    0.0980743    0.0313152
  0.00709697   0.00825091    0.0313152     0.102958
42["estimate_marker",{"estimate_x":-1.584439960352,"estimate_y":0.793476247828124,"rmse_vx":2.73557397240857,"rmse_vy":1.84572689203573,"rmse_x":0.161727714138833,"rmse_y":0.15389790127325}]
x_ = -1.88235
 0.77355
-4.42329
 1.04748
P_ =   0.00451741 -0.000936788    0.0103819   0.00526877
-0.000936788   0.00203403 -0.000132185   0.00670136
   0.0103819 -0.000132185    0.0590205    0.0226632
  0.00526877   0.00670136    0.0226632    0.0829483
42["estimate_marker",{"estimate_x":-1.88235088707417,"estimate_y":0.773550378598194,"rmse_vx":2.6108425103684,"rmse_vy":1.782412138586,"rmse_x":0.161490520539485,"rmse_y":0.153777511350479}]
x_ = -2.10352
0.825925
-4.42329
 1.04748
P_ =   0.00571721 -0.000623301    0.0138954   0.00640193
-0.000623301    0.0029256   0.00100098    0.0114113
   0.0138954   0.00100098    0.0815205    0.0226632
  0.00640193    0.0114113    0.0226632     0.105448
42["estimate_marker",{"estimate_x":-2.10351521023584,"estimate_y":0.825924626112826,"rmse_vx":2.50216799626126,"rmse_vy":1.72698743374889,"rmse_x":0.162957992924253,"rmse_y":0.158038091047228}]
x_ = -2.43568
0.707085
-4.83023
0.241942
P_ =   0.00525901 -0.000714248   0.00884386   0.00493716
-0.000714248   0.00264811  0.000935022   0.00932566
  0.00884386  0.000935022    0.0523791     0.018505
  0.00493716   0.00932566     0.018505    0.0899142
42["estimate_marker",{"estimate_x":-2.43567904831085,"estimate_y":0.70708501176605,"rmse_vx":2.40401186844488,"rmse_vy":1.65942778436796,"rmse_x":0.15839536907401,"rmse_y":0.153186594298777}]
x_ = -2.67719
0.719182
-4.83023
0.241942
P_ =   0.00628841 -0.000374376    0.0120253   0.00586241
-0.000374376   0.00381953   0.00186027    0.0143839
   0.0120253   0.00186027    0.0748791     0.018505
  0.00586241    0.0143839     0.018505     0.112414
42["estimate_marker",{"estimate_x":-2.67719045964502,"estimate_y":0.719182112800799,"rmse_vx":2.31656956640154,"rmse_vy":1.59916723789536,"rmse_x":0.154336182512231,"rmse_y":0.14904542233744}]
x_ = -2.95918
0.725026
-4.82046
0.154368
P_ =   0.00588314 -0.000463076   0.00773065    0.0046853
-0.000463076   0.00341095   0.00118374    0.0120467
  0.00773065   0.00118374    0.0483342    0.0143428
   0.0046853    0.0120467    0.0143428     0.100309
42["estimate_marker",{"estimate_x":-2.95918483329046,"estimate_y":0.725025773851014,"rmse_vx":2.23801992943711,"rmse_vy":1.5449853570591,"rmse_x":0.149536379055984,"rmse_y":0.14524054243233}]
x_ = -3.20021
0.732744
-4.82046
0.154368
P_ =    0.0067911 -0.000133767    0.0107099   0.00540244
-0.000133767   0.00488045   0.00190087    0.0176246
   0.0107099   0.00190087    0.0708342    0.0143428
  0.00540244    0.0176246    0.0143428     0.122809
42["estimate_marker",{"estimate_x":-3.20020778254384,"estimate_y":0.732744174514426,"rmse_vx":2.16695434700822,"rmse_vy":1.49603146831968,"rmse_x":0.145197726806331,"rmse_y":0.141735512791438}]
x_ =   -3.45131
  0.690947
  -4.83282
-0.0291661
P_ =   0.00636672 -0.000257456   0.00705928    0.0043368
-0.000257456   0.00435426   0.00138586     0.014806
  0.00705928   0.00138586    0.0470688     0.012976
   0.0043368     0.014806     0.012976     0.109935
42["estimate_marker",{"estimate_x":-3.45130624028518,"estimate_y":0.690947431282051,"rmse_vx":2.10225976232612,"rmse_vy":1.45298440344296,"rmse_x":0.141091113650592,"rmse_y":0.137565036730927}]
x_ =   -3.69295
  0.689489
  -4.83282
-0.0291661
P_ =  0.00720438 6.11175e-05  0.00997522   0.0049856
6.11175e-05  0.00612376  0.00203467   0.0208653
 0.00997522  0.00203467   0.0695688    0.012976
  0.0049856   0.0208653    0.012976    0.132435
42["estimate_marker",{"estimate_x":-3.69294721598405,"estimate_y":0.689489124741081,"rmse_vx":2.0430340574437,"rmse_vy":1.4139691744544,"rmse_x":0.137324409928768,"rmse_y":0.133690064540276}]
x_ =  -3.9303
0.723082
-4.89514
0.102074
P_ =   0.00675037 -9.06135e-05   0.00661529   0.00396446
-9.06135e-05   0.00540048   0.00142402     0.017453
  0.00661529   0.00142402    0.0463089    0.0116594
  0.00396446     0.017453    0.0116594     0.118881
42["estimate_marker",{"estimate_x":-3.9303040294759,"estimate_y":0.72308181576892,"rmse_vx":1.98862948555092,"rmse_vy":1.37712304028066,"rmse_x":0.13390820747581,"rmse_y":0.130210903639132}]
x_ = -4.17506
0.728186
-4.89514
0.102074
P_ =  0.00754173 0.000207959  0.00949323  0.00454743
0.000207959  0.00745705  0.00200699   0.0239596
 0.00949323  0.00200699   0.0688089   0.0116594
 0.00454743   0.0239596   0.0116594    0.141381
42["estimate_marker",{"estimate_x":-4.17506090827594,"estimate_y":0.728185521200773,"rmse_vx":1.93835981713844,"rmse_vy":1.34338023063314,"rmse_x":0.130705083516811,"rmse_y":0.126930643168453}]
x_ =    -4.4239
   0.69321
  -4.92707
-0.0192248
P_ =  0.00705704 4.33048e-05  0.00637894  0.00369045
4.33048e-05  0.00655453  0.00165724    0.020049
 0.00637894  0.00165724   0.0462176   0.0119704
 0.00369045    0.020049   0.0119704    0.127105
42["estimate_marker",{"estimate_x":-4.42390403514522,"estimate_y":0.69321011431379,"rmse_vx":1.89180466727314,"rmse_vy":1.31393705791842,"rmse_x":0.12765489014053,"rmse_y":0.124243523179381}]
x_ =   -4.67026
  0.692249
  -4.92707
-0.0192248
P_ =  0.00782454 0.000340615  0.00925232  0.00428897
0.000340615  0.00889126  0.00225577   0.0269668
 0.00925232  0.00225577   0.0687176   0.0119704
 0.00428897   0.0269668   0.0119704    0.149605
42["estimate_marker",{"estimate_x":-4.67025754257338,"estimate_y":0.692248876086425,"rmse_vx":1.848465511949,"rmse_vy":1.28712568962402,"rmse_x":0.124775265879347,"rmse_y":0.122176060963376}]
x_ = -4.87907
0.774235
-4.96217
0.248508
P_ =  0.00730826 0.000163221  0.00620111  0.00347028
0.000163221  0.00779327  0.00171169   0.0226485
 0.00620111  0.00171169   0.0459223   0.0113821
 0.00347028   0.0226485   0.0113821    0.135262
42["estimate_marker",{"estimate_x":-4.87906609696544,"estimate_y":0.774234821110171,"rmse_vx":1.80810021821504,"rmse_vy":1.2595853616305,"rmse_x":0.122464016654023,"rmse_y":0.119494986689926}]
x_ = -5.12717
 0.78666
-4.96217
0.248508
P_ =  0.00805724 0.000450775  0.00905972  0.00403939
0.000450775   0.0104103   0.0022808   0.0299741
 0.00905972   0.0022808   0.0684223   0.0113821
 0.00403939   0.0299741   0.0113821    0.157762
42["estimate_marker",{"estimate_x":-5.12717436567176,"estimate_y":0.786660226166168,"rmse_vx":1.77029385428799,"rmse_vy":1.23410564793805,"rmse_x":0.120187707924642,"rmse_y":0.117026659556076}]
x_ =  -5.40716
 0.735128
 -5.10922
0.0772233
P_ =  0.00751691 0.000281564  0.00615154  0.00343207
0.000281564  0.00909913  0.00214538    0.025151
 0.00615154  0.00214538   0.0461731   0.0128249
 0.00343207    0.025151   0.0128249    0.142527
42["estimate_marker",{"estimate_x":-5.4071584291268,"estimate_y":0.735128071255169,"rmse_vx":1.73555029927495,"rmse_vy":1.21267794765587,"rmse_x":0.117760299494394,"rmse_y":0.116185127026236}]
x_ =  -5.66262
 0.738989
 -5.10922
0.0772233
P_ =  0.00826156 0.000592498  0.00902269  0.00407332
0.000592498   0.0119846  0.00278662   0.0328398
 0.00902269  0.00278662   0.0686731   0.0128249
 0.00407332   0.0328398   0.0128249    0.165027
42["estimate_marker",{"estimate_x":-5.66261936589327,"estimate_y":0.73898923432034,"rmse_vx":1.70286275054157,"rmse_vy":1.1932224562634,"rmse_x":0.115500583958118,"rmse_y":0.116249513389634}]
x_ = -5.90244
0.889362
-4.82356
0.437856
P_ =  0.00769096 0.000404901  0.00606962  0.00340364
0.000404901   0.0105356   0.0022037   0.0278748
 0.00606962   0.0022037   0.0459269   0.0123027
 0.00340364   0.0278748   0.0123027    0.150473
42["estimate_marker",{"estimate_x":-5.90243815794544,"estimate_y":0.889362187420945,"rmse_vx":1.67103376076993,"rmse_vy":1.17147220152349,"rmse_x":0.11336597183479,"rmse_y":0.114077357198361}]
x_ = -6.14362
0.911255
-4.82356
0.437856
P_ =   0.0084268 0.000716025  0.00892846  0.00401877
0.000716025   0.0137133  0.00281883   0.0359609
 0.00892846  0.00281883   0.0684269   0.0123027
 0.00401877   0.0359609   0.0123027    0.172973
42["estimate_marker",{"estimate_x":-6.14361606942734,"estimate_y":0.911254990384142,"rmse_vx":1.64092667713594,"rmse_vy":1.15120766005561,"rmse_x":0.11135118770664,"rmse_y":0.11203225094965}]
x_ = -6.37728
0.958679
-5.04302
0.537918
P_ =  0.00784494 0.000564763  0.00612319  0.00363624
0.000564763   0.0120363  0.00291879   0.0304664
 0.00612319  0.00291879   0.0464405   0.0148106
 0.00363624   0.0304664   0.0148106    0.157241
42["estimate_marker",{"estimate_x":-6.3772842251397,"estimate_y":0.95867893679884,"rmse_vx":1.61301441354945,"rmse_vy":1.13168338246668,"rmse_x":0.109421878830193,"rmse_y":0.110086983368588}]
x_ = -6.62944
0.985575
-5.04302
0.537918
P_ =  0.00858742 0.000929541  0.00900771  0.00437677
0.000929541   0.0154901  0.00365932    0.038891
 0.00900771  0.00365932   0.0689405   0.0148106
 0.00437677    0.038891   0.0148106    0.179741
42["estimate_marker",{"estimate_x":-6.62943527915795,"estimate_y":0.985574842012923,"rmse_vx":1.58654092246587,"rmse_vy":1.11345380947229,"rmse_x":0.107639553253765,"rmse_y":0.108241630513576}]
x_ = -6.85895
 1.00489
-5.02616
0.525469
P_ =  0.00798305 0.000760984  0.00618346  0.00398017
0.000760984   0.0136148  0.00353185   0.0330959
 0.00618346  0.00353185   0.0467833   0.0165609
 0.00398017   0.0330959   0.0165609    0.164007
42["estimate_marker",{"estimate_x":-6.85895171982496,"estimate_y":1.00489038716325,"rmse_vx":1.56130895359952,"rmse_vy":1.09661140985893,"rmse_x":0.105901652393872,"rmse_y":0.106583987529056}]
x_ = -7.11026
 1.03116
-5.02616
0.525469
P_ = 0.00873242 0.00117799 0.00908513 0.00480822
0.00117799  0.0173485  0.0043599  0.0418587
0.00908513  0.0043599  0.0692833  0.0165609
0.00480822  0.0418587  0.0165609   0.186507
42["estimate_marker",{"estimate_x":-7.11025976596764,"estimate_y":1.03116382860295,"rmse_vx":1.53730435798415,"rmse_vy":1.08106474952764,"rmse_x":0.104299763986053,"rmse_y":0.10516725644094}]
x_ = -7.37232
0.984673
-4.96713
0.341835
P_ =  0.00810424 0.000972855  0.00622366  0.00432603
0.000972855   0.0152429  0.00395947   0.0357095
 0.00622366  0.00395947    0.046917   0.0175103
 0.00432603   0.0357095   0.0175103    0.170614
42["estimate_marker",{"estimate_x":-7.37232372797908,"estimate_y":0.984672712941277,"rmse_vx":1.51418267705302,"rmse_vy":1.06937804085908,"rmse_x":0.102992172019276,"rmse_y":0.106129665140283}]
x_ = -7.62068
 1.00176
-4.96713
0.341835
P_ = 0.00885796 0.00143091 0.00913201 0.00520154
0.00143091  0.0192544 0.00483498  0.0448027
0.00913201 0.00483498   0.069417  0.0175103
0.00520154  0.0448027  0.0175103   0.193114
42["estimate_marker",{"estimate_x":-7.62068024419233,"estimate_y":1.00176448193599,"rmse_vx":1.49212042191691,"rmse_vy":1.05919619839128,"rmse_x":0.101881664052797,"rmse_y":0.108265016104852}]
x_ = -7.80374
 1.06839
-4.87536
0.464151
P_ = 0.00820154 0.00116338 0.00619335 0.00453009
0.00116338  0.0169489 0.00398684  0.0384145
0.00619335 0.00398684  0.0466598  0.0169881
0.00453009  0.0384145  0.0169881    0.17742
42["estimate_marker",{"estimate_x":-7.80374347290559,"estimate_y":1.06838770244508,"rmse_vx":1.47076812675839,"rmse_vy":1.04842378891782,"rmse_x":0.100416078691585,"rmse_y":0.109582766028951}]
x_ = -8.04751
  1.0916
-4.87536
0.464151
P_ = 0.00895159  0.0016317 0.00908884 0.00537949
 0.0016317  0.0212479 0.00483624   0.047848
0.00908884 0.00483624  0.0691598  0.0169881
0.00537949   0.047848  0.0169881    0.19992
42["estimate_marker",{"estimate_x":-8.04751165186708,"estimate_y":1.09159525009494,"rmse_vx":1.45033303464107,"rmse_vy":1.03908127063131,"rmse_x":0.0990139714956008,"rmse_y":0.112030471534048}]
x_ = -8.26394
 1.31071
-4.87689
0.904587
P_ = 0.00828837 0.00136538 0.00622285 0.00479339
0.00136538   0.018639 0.00435509  0.0409065
0.00622285 0.00435509  0.0467999   0.017914
0.00479339  0.0409065   0.017914    0.18329
42["estimate_marker",{"estimate_x":-8.26393705387445,"estimate_y":1.3107144673123,"rmse_vx":1.43076088681135,"rmse_vy":1.02576217967264,"rmse_x":0.0977063523176237,"rmse_y":0.110532402704563}]
x_ = -8.50778
 1.35594
-4.87689
0.904587
P_ = 0.00904172 0.00186759 0.00912534 0.00568909
0.00186759   0.023202 0.00525079  0.0506335
0.00912534 0.00525079  0.0692999   0.017914
0.00568909  0.0506335   0.017914    0.20579
42["estimate_marker",{"estimate_x":-8.50778134401426,"estimate_y":1.35594383882091,"rmse_vx":1.41199639335595,"rmse_vy":1.01342512877656,"rmse_x":0.0964258410829209,"rmse_y":0.109167008320246}]
x_ = -8.72399
 1.36851
-4.51234
0.783074
P_ = 0.00839359 0.00167755 0.00642883 0.00543128
0.00167755  0.0203748 0.00557906  0.0432796
0.00642883 0.00557906  0.0477811  0.0217482
0.00543128  0.0432796  0.0217482   0.188258
42["estimate_marker",{"estimate_x":-8.7239890792539,"estimate_y":1.36851026668132,"rmse_vx":1.39418538571317,"rmse_vy":1.00347040722386,"rmse_x":0.0953041161379751,"rmse_y":0.108485306361953}]
x_ = -8.94961
 1.40766
-4.51234
0.783074
P_ = 0.00916999 0.00228244 0.00938038 0.00651869
0.00228244  0.0251875 0.00666647   0.053255
0.00938038 0.00666647  0.0702811  0.0217482
0.00651869   0.053255  0.0217482   0.210758
42["estimate_marker",{"estimate_x":-8.94960620493299,"estimate_y":1.40766394839718,"rmse_vx":1.3770025339551,"rmse_vy":0.994762222558844,"rmse_x":0.0943205836028762,"rmse_y":0.10838905311316}]
x_ = -9.17201
 1.40136
-4.76822
0.730455
P_ = 0.00849323 0.00200079 0.00655581 0.00601993
0.00200079  0.0221082 0.00625099  0.0456546
0.00655581 0.00625099  0.0481531  0.0233795
0.00601993  0.0456546  0.0233795   0.193573
42["estimate_marker",{"estimate_x":-9.17200770809209,"estimate_y":1.40135629995101,"rmse_vx":1.36015346820324,"rmse_vy":0.988197530603287,"rmse_x":0.0935291331256109,"rmse_y":0.110668199278867}]
x_ = -9.41042
 1.43788
-4.76822
0.730455
P_ = 0.00928326 0.00267278 0.00952596  0.0071889
0.00267278  0.0271716 0.00741997  0.0558957
0.00952596 0.00741997  0.0706531  0.0233795
 0.0071889  0.0558957  0.0233795   0.216073
42["estimate_marker",{"estimate_x":-9.41041872202003,"estimate_y":1.43787907513044,"rmse_vx":1.34393276366075,"rmse_vy":0.983041259060224,"rmse_x":0.0927151649258908,"rmse_y":0.114259446609924}]
x_ = -9.66807
 1.37389
-4.92389
0.544504
P_ = 0.00858042 0.00231288 0.00661423 0.00649749
0.00231288  0.0239164 0.00658002  0.0481656
0.00661423 0.00658002  0.0481764  0.0238948
0.00649749  0.0481656  0.0238948   0.199226
42["estimate_marker",{"estimate_x":-9.66806927812696,"estimate_y":1.37388657739372,"rmse_vx":1.32881025282404,"rmse_vy":0.983315979538806,"rmse_x":0.0917075712935363,"rmse_y":0.125171104816105}]
x_ = -9.91426
 1.40111
-4.92389
0.544504
P_ = 0.00937634  0.0030265 0.00958555 0.00769223
 0.0030265  0.0292451 0.00777476  0.0586894
0.00958555 0.00777476  0.0706764  0.0238948
0.00769223  0.0586894  0.0238948   0.221726
42["estimate_marker",{"estimate_x":-9.91426363734729,"estimate_y":1.40111178865769,"rmse_vx":1.31429904715591,"rmse_vy":0.985209489090142,"rmse_x":0.0906746045656534,"rmse_y":0.13801983643953}]
x_ = -10.1164
 1.72208
-4.77414
 1.11678
P_ = 0.00864227 0.00256982 0.00657093 0.00675546
0.00256982  0.0258431 0.00646598  0.0508792
0.00657093 0.00646598  0.0477964   0.023064
0.00675546  0.0508792   0.023064   0.205302
42["estimate_marker",{"estimate_x":-10.1163797626429,"estimate_y":1.72207510048848,"rmse_vx":1.29980517099358,"rmse_vy":0.977783902993142,"rmse_x":0.0898646902239032,"rmse_y":0.138720936404016}]
x_ = -10.3551
 1.77791
-4.77414
 1.11678
P_ = 0.00943291 0.00328856 0.00952325 0.00790866
0.00328856  0.0314583 0.00761918  0.0617068
0.00952325 0.00761918  0.0702964   0.023064
0.00790866  0.0617068   0.023064   0.227802
42["estimate_marker",{"estimate_x":-10.3550869623936,"estimate_y":1.77791400187188,"rmse_vx":1.28584664272817,"rmse_vy":0.971575218861848,"rmse_x":0.0890109186449756,"rmse_y":0.14022933961536}]
x_ = -10.6207
 1.92482
 -4.9274
 1.31246
P_ = 0.00875156 0.00299853  0.0068639 0.00752744
0.00299853  0.0277765 0.00797448  0.0532423
 0.0068639 0.00797448  0.0490569  0.0274329
0.00752744  0.0532423  0.0274329    0.20947
42["estimate_marker",{"estimate_x":-10.6206744743702,"estimate_y":1.92482353511108,"rmse_vx":1.27310225836319,"rmse_vy":0.96403859051077,"rmse_x":0.0880606235395309,"rmse_y":0.140197952869836}]
x_ = -10.867
1.99045
-4.9274
1.31246
P_ = 0.00957465 0.00384221 0.00987925 0.00889909
0.00384221  0.0336385 0.00934613  0.0642784
0.00987925 0.00934613  0.0715569  0.0274329
0.00889909  0.0642784  0.0274329    0.23197
42["estimate_marker",{"estimate_x":-10.8670446688802,"estimate_y":1.99044632405451,"rmse_vx":1.26091418395406,"rmse_vy":0.957626318109639,"rmse_x":0.0871955248213123,"rmse_y":0.140782351894398}]
x_ = -11.0721
 2.13643
-4.83693
 1.46146
P_ = 0.00889101 0.00353619   0.007198 0.00850819
0.00353619  0.0298421 0.00942474  0.0557918
  0.007198 0.00942474  0.0502252  0.0311709
0.00850819  0.0557918  0.0311709   0.214088
42["estimate_marker",{"estimate_x":-11.0720517054951,"estimate_y":2.1364266336734,"rmse_vx":1.24875539642495,"rmse_vy":0.95056002695423,"rmse_x":0.0863011906986011,"rmse_y":0.140328012100612}]
x_ = -11.3139
  2.2095
-4.83693
 1.46146
P_ = 0.00975043 0.00451076  0.0102718  0.0100667
0.00451076  0.0359706  0.0109833  0.0670587
 0.0102718  0.0109833  0.0727252  0.0311709
 0.0100667  0.0670587  0.0311709   0.236588
42["estimate_marker",{"estimate_x":-11.31389825915,"estimate_y":2.20949952147263,"rmse_vx":1.23711632908254,"rmse_vy":0.944589697901497,"rmse_x":0.0854637722293957,"rmse_y":0.14039400537678}]
x_ = -11.5588
 2.29275
-4.80836
   1.473
P_ = 0.00905944 0.00415492 0.00757533 0.00959975
0.00415492  0.0319071  0.0108514  0.0582274
0.00757533  0.0108514  0.0514155  0.0346734
0.00959975  0.0582274  0.0346734   0.218366
42["estimate_marker",{"estimate_x":-11.5587683122459,"estimate_y":2.29275435517476,"rmse_vx":1.22583633712385,"rmse_vy":0.939640545610121,"rmse_x":0.084777372860743,"rmse_y":0.140902100994848}]
x_ = -11.7992
  2.3664
-4.80836
   1.473
P_ = 0.00995958 0.00526416  0.0107086  0.0113334
0.00526416  0.0382899  0.0125851  0.0697082
 0.0107086  0.0125851  0.0739155  0.0346734
 0.0113334  0.0697082  0.0346734   0.240866
42["estimate_marker",{"estimate_x":-11.7991864309018,"estimate_y":2.36640435943201,"rmse_vx":1.21506835485254,"rmse_vy":0.935934030806494,"rmse_x":0.0842963267136442,"rmse_y":0.142228701829675}]
x_ = -12.0543
 2.56386
-4.90316
 1.71111
P_ = 0.00923974 0.00480721 0.00790071  0.0106623
0.00480721  0.0340449  0.0119536  0.0607766
0.00790071  0.0119536  0.0522354  0.0371489
 0.0106623  0.0607766  0.0371489   0.222998
42["estimate_marker",{"estimate_x":-12.0542594960891,"estimate_y":2.56386097621414,"rmse_vx":1.20548597205737,"rmse_vy":0.930263505907701,"rmse_x":0.084376772739669,"rmse_y":0.141727599249064}]
x_ = -12.2994
 2.64942
-4.90316
 1.71111
P_ =  0.0101745 0.00603087   0.011075  0.0125197
0.00603087  0.0406942   0.013811  0.0724889
  0.011075   0.013811  0.0747354  0.0371489
 0.0125197  0.0724889  0.0371489   0.245498
42["estimate_marker",{"estimate_x":-12.2994177169986,"estimate_y":2.64941666600902,"rmse_vx":1.1964692548609,"rmse_vy":0.925708012119798,"rmse_x":0.0850271132908416,"rmse_y":0.141743867265552}]
x_ = -12.5518
  2.6711
-4.82047
  1.5753
P_ = 0.00946032 0.00556152 0.00835145  0.0118712
0.00556152  0.0362636  0.0134342  0.0632935
0.00835145  0.0134342  0.0535589  0.0406447
 0.0118712  0.0632935  0.0406447   0.227128
42["estimate_marker",{"estimate_x":-12.5518151295757,"estimate_y":2.67110100863142,"rmse_vx":1.18736308766608,"rmse_vy":0.924451857720273,"rmse_x":0.0866197550989093,"rmse_y":0.144140025670036}]
x_ = -12.7928
 2.74987
-4.82047
  1.5753
P_ = 0.0104434 0.0069284 0.0115919 0.0139034
0.0069284 0.0431749 0.0154665 0.0752124
0.0115919 0.0154665 0.0760589 0.0406447
0.0139034 0.0752124 0.0406447  0.249628
42["estimate_marker",{"estimate_x":-12.7928383860888,"estimate_y":2.74986601937697,"rmse_vx":1.17882000242273,"rmse_vy":0.924606994047558,"rmse_x":0.0889585044625173,"rmse_y":0.147835792621607}]
x_ = -12.9958
 2.95805
-4.72554
 1.79301
P_ = 0.00966979 0.00628815 0.00863786  0.0129153
0.00628815  0.0385509   0.014276  0.0659765
0.00863786   0.014276  0.0540646  0.0423145
 0.0129153  0.0659765  0.0423145   0.231957
42["estimate_marker",{"estimate_x":-12.9957892219045,"estimate_y":2.95805367311937,"rmse_vx":1.17011848810417,"rmse_vy":0.922491533447444,"rmse_x":0.0908138287435854,"rmse_y":0.149006719743129}]
x_ = -13.2321
  3.0477
-4.72554
 1.79301
P_ = 0.0106828 0.0077535 0.0119036  0.015031
0.0077535 0.0457425 0.0163917 0.0781368
0.0119036 0.0163917 0.0765646 0.0423145
 0.015031 0.0781368 0.0423145  0.254457
42["estimate_marker",{"estimate_x":-13.232066403803,"estimate_y":3.04770402989935,"rmse_vx":1.16197813435948,"rmse_vy":0.9216967676007,"rmse_x":0.0933842453128986,"rmse_y":0.151202168012638}]
x_ = -13.3815
 3.16046
-4.54838
 1.82503
P_ = 0.00992053 0.00709775 0.00910753  0.0140802
0.00709775   0.040797   0.015711  0.0683496
0.00910753   0.015711  0.0554034  0.0456026
 0.0140802  0.0683496  0.0456026   0.235597
42["estimate_marker",{"estimate_x":-13.3814606893817,"estimate_y":3.16045810986801,"rmse_vx":1.15318827190766,"rmse_vy":0.921729326152338,"rmse_x":0.0941063313935229,"rmse_y":0.153934382005637}]
x_ = -13.6089
 3.25171
-4.54838
 1.82503
P_ =  0.0109839 0.00870132  0.0124402  0.0163603
0.00870132   0.048235  0.0179912  0.0806919
 0.0124402  0.0179912  0.0779034  0.0456026
 0.0163603  0.0806919  0.0456026   0.258097
42["estimate_marker",{"estimate_x":-13.6088796319947,"estimate_y":3.25170982700865,"rmse_vx":1.14491641456425,"rmse_vy":0.923166309266056,"rmse_x":0.0953037345153755,"rmse_y":0.158022264608991}]
x_ = -13.8253
  3.5745
-4.49381
 2.20083
P_ =  0.0101876 0.00791924 0.00956843  0.0152195
0.00791924  0.0429266  0.0170048  0.0704915
0.00956843  0.0170048  0.0566037  0.0484567
 0.0152195  0.0704915  0.0484567   0.238923
42["estimate_marker",{"estimate_x":-13.8253454386222,"estimate_y":3.5745019035308,"rmse_vx":1.13683389979068,"rmse_vy":0.920062372675228,"rmse_x":0.0967697093370524,"rmse_y":0.157702912566983}]
x_ =   -14.05
 3.68454
-4.49381
 2.20083
P_ =    0.0113 0.0096516 0.0129611 0.0176424
0.0096516 0.0505871 0.0194276 0.0830001
0.0129611 0.0194276 0.0791037 0.0484567
0.0176424 0.0830001 0.0484567  0.261423
42["estimate_marker",{"estimate_x":-14.0500358531957,"estimate_y":3.68454323490804,"rmse_vx":1.12930318527398,"rmse_vy":0.91811570148657,"rmse_x":0.0988208975406985,"rmse_y":0.157989905022994}]
x_ = -14.1996
 3.98213
-4.24882
 2.47102
P_ =  0.0105483 0.00891651   0.010357  0.0166623
0.00891651  0.0450311  0.0191422  0.0723407
  0.010357  0.0191422   0.059026  0.0533382
 0.0166623  0.0723407  0.0533382   0.241011
42["estimate_marker",{"estimate_x":-14.1996163614275,"estimate_y":3.98212500794793,"rmse_vx":1.12091847209282,"rmse_vy":0.913943181175182,"rmse_x":0.0995112731377712,"rmse_y":0.156772227916317}]
x_ = -14.4121
 4.10568
-4.24882
 2.47102
P_ = 0.0117457 0.0108401 0.0138708 0.0193292
0.0108401 0.0528818 0.0218091 0.0849538
0.0138708 0.0218091 0.0815261 0.0533382
0.0193292 0.0849538 0.0533382  0.263511
42["estimate_marker",{"estimate_x":-14.4120572202331,"estimate_y":4.10567600437403,"rmse_vx":1.11299751170354,"rmse_vy":0.910773558550759,"rmse_x":0.10053900380502,"rmse_y":0.155726627423481}]
x_ = -14.6491
 4.32173
-4.17679
 2.58273
P_ = 0.0110073 0.0100582 0.0113654 0.0183243
0.0100582  0.046992 0.0215715 0.0738381
0.0113654 0.0215715 0.0620293 0.0587459
0.0183243 0.0738381 0.0587459  0.242271
42["estimate_marker",{"estimate_x":-14.6490817818748,"estimate_y":4.32172663490401,"rmse_vx":1.10520893700337,"rmse_vy":0.90734055858492,"rmse_x":0.102669758583179,"rmse_y":0.154524917223188}]
x_ = -14.8579
 4.45086
-4.17679
 2.58273
P_ =  0.012313 0.0121998 0.0150294 0.0212616
0.0121998 0.0549956 0.0245088 0.0865141
0.0150294 0.0245088 0.0845294 0.0587459
0.0212616 0.0865141 0.0587459  0.264771
42["estimate_marker",{"estimate_x":-14.8579215232189,"estimate_y":4.45086297157904,"rmse_vx":1.09792469291325,"rmse_vy":0.904930576106425,"rmse_x":0.105248887762855,"rmse_y":0.153423268980303}]
x_ =  -15.043
  4.6235
-4.08284
 2.63237
P_ = 0.0115366 0.0113037 0.0123704 0.0200973
0.0113037 0.0490402 0.0237073 0.0756015
0.0123704 0.0237073 0.0646381 0.0632819
0.0200973 0.0756015 0.0632819  0.244377
42["estimate_marker",{"estimate_x":-15.0429877331746,"estimate_y":4.62350475656611,"rmse_vx":1.09065796860994,"rmse_vy":0.90296210095357,"rmse_x":0.1076348382654,"rmse_y":0.152329186394313}]
x_ = -15.2471
 4.75512
-4.08284
 2.63237
P_ = 0.0129493 0.0136521 0.0161648 0.0232614
0.0136521 0.0572254 0.0268714 0.0883829
0.0161648 0.0268714 0.0871381 0.0632819
0.0232614 0.0883829 0.0632819  0.266877
42["estimate_marker",{"estimate_x":-15.2471296588734,"estimate_y":4.7551232818406,"rmse_vx":1.08393245009397,"rmse_vy":0.902088716939886,"rmse_x":0.110508304327479,"rmse_y":0.151467925090475}]
x_ = -15.4091
  4.8589
-3.95384
 2.56774
P_ =  0.012108 0.0125845 0.0133269 0.0218404
0.0125845 0.0510802  0.025552   0.07742
0.0133269  0.025552 0.0668812 0.0671011
0.0218404   0.07742 0.0671011  0.246762
42["estimate_marker",{"estimate_x":-15.4090773604318,"estimate_y":4.85890145448985,"rmse_vx":1.07703526718597,"rmse_vy":0.903347758029846,"rmse_x":0.112704902535332,"rmse_y":0.151381423739376}]
x_ = -15.6068
 4.98729
-3.95384
 2.56774
P_ =  0.013622 0.0151219 0.0172335 0.0251954
0.0151219 0.0594532 0.0289071 0.0903205
0.0172335 0.0289071 0.0893812 0.0671011
0.0251954 0.0903205 0.0671011  0.269262
42["estimate_marker",{"estimate_x":-15.6067695569439,"estimate_y":4.98728869957247,"rmse_vx":1.07069893973057,"rmse_vy":0.905836794164298,"rmse_x":0.115384974247451,"rmse_y":0.15212043744232}]
x_ = -15.7098
 5.31925
-3.63978
 2.81995
P_ = 0.0126777 0.0138264  0.014129 0.0234343
0.0138264 0.0530828 0.0269648 0.0792841
 0.014129 0.0269648 0.0685038 0.0699655
0.0234343 0.0792841 0.0699655  0.249503
42["estimate_marker",{"estimate_x":-15.7097822036996,"estimate_y":5.31925082495363,"rmse_vx":1.06344265844039,"rmse_vy":0.905602619655933,"rmse_x":0.116244588914023,"rmse_y":0.151152656696373}]
x_ = -15.8918
 5.46025
-3.63978
 2.81995
P_ = 0.0142759 0.0165213 0.0181167 0.0269325
0.0165213  0.061649 0.0304631 0.0923217
0.0181167 0.0304631 0.0910038 0.0699655
0.0269325 0.0923217 0.0699655  0.272003
42["estimate_marker",{"estimate_x":-15.8917713372951,"estimate_y":5.46024846431169,"rmse_vx":1.05660131417834,"rmse_vy":0.906466917796978,"rmse_x":0.11733506290695,"rmse_y":0.150509923374106}]
x_ = -16.0643
 5.51444
-3.67581
 2.70974
P_ =  0.013352 0.0151623 0.0153332 0.0250978
0.0151623 0.0548494 0.0291749 0.0804386
0.0153332 0.0291749 0.0717288 0.0745947
0.0250978 0.0804386 0.0745947   0.25004
42["estimate_marker",{"estimate_x":-16.0642586319785,"estimate_y":5.5144413099662,"rmse_vx":1.05043968866373,"rmse_vy":0.91027622198847,"rmse_x":0.118539485249492,"rmse_y":0.151904645136448}]
x_ =  -16.248
 5.64993
-3.67581
 2.70974
P_ = 0.0150787 0.0180624 0.0194821 0.0288275
0.0180624 0.0635325 0.0329046 0.0935031
0.0194821 0.0329046 0.0942288 0.0745947
0.0288275 0.0935031 0.0745947   0.27254
42["estimate_marker",{"estimate_x":-16.2480493833896,"estimate_y":5.64992815557037,"rmse_vx":1.04489456674377,"rmse_vy":0.915280984017867,"rmse_x":0.120203571040901,"rmse_y":0.154609230952368}]
x_ = -16.4138
 5.79524
-3.53815
 2.68121
P_ =  0.014003 0.0164437 0.0161919 0.0266588
0.0164437 0.0566836 0.0305281 0.0820605
0.0161919 0.0305281 0.0734072 0.0773077
0.0266588 0.0820605 0.0773077  0.252378
42["estimate_marker",{"estimate_x":-16.4138361548298,"estimate_y":5.79523981133023,"rmse_vx":1.03915570365366,"rmse_vy":0.922014877159648,"rmse_x":0.122008368798673,"rmse_y":0.158623638174452}]
x_ = -16.5907
  5.9293
-3.53815
 2.68121
P_ = 0.0158197 0.0194963 0.0204248 0.0305241
0.0194963 0.0655347 0.0343935 0.0952419
0.0204248 0.0343935 0.0959072 0.0773077
0.0305241 0.0952419 0.0773077  0.274878
42["estimate_marker",{"estimate_x":-16.5907436650775,"estimate_y":5.92930042679571,"rmse_vx":1.03408086181287,"rmse_vy":0.92992201723608,"rmse_x":0.124332150675973,"rmse_y":0.164510299998952}]
x_ = -16.7488
 5.92819
-3.44413
 2.45742
P_ = 0.0146571 0.0177043 0.0170269 0.0281279
0.0177043 0.0585076 0.0318522 0.0836641
0.0170269 0.0318522 0.0751144 0.0799888
0.0281279 0.0836641 0.0799888  0.254563
42["estimate_marker",{"estimate_x":-16.7487960080374,"estimate_y":5.92819245636221,"rmse_vx":1.0290905590998,"rmse_vy":0.943859433903993,"rmse_x":0.12680618740732,"rmse_y":0.178006945377065}]
x_ =  -16.921
 6.05106
-3.44413
 2.45742
P_ = 0.0165617 0.0209033 0.0213451 0.0321273
0.0209033 0.0675245 0.0358517 0.0969547
0.0213451 0.0358517 0.0976144 0.0799888
0.0321273 0.0969547 0.0799888  0.277063
42["estimate_marker",{"estimate_x":-16.9210026831309,"estimate_y":6.05106358423516,"rmse_vx":1.02487123578529,"rmse_vy":0.958851646301153,"rmse_x":0.129926766539009,"rmse_y":0.194057349335768}]
x_ = -17.0374
 6.40958
-3.40328
 2.81459
P_ = 0.0152254 0.0188296 0.0175156 0.0293641
0.0188296 0.0603371 0.0325339 0.0854873
0.0175156 0.0325339 0.0756948 0.0813651
0.0293641 0.0854873 0.0813651  0.257646
42["estimate_marker",{"estimate_x":-17.0374337448548,"estimate_y":6.409579847412,"rmse_vx":1.02118015844516,"rmse_vy":0.967124172897651,"rmse_x":0.132323230473167,"rmse_y":0.202841494764987}]
x_ = -17.2076
 6.55031
-3.40328
 2.81459
P_ = 0.0171803 0.0221279 0.0218628 0.0334324
0.0221279  0.069544 0.0366022 0.0989321
0.0218628 0.0366022 0.0981948 0.0813651
0.0334324 0.0989321 0.0813651  0.280146
42["estimate_marker",{"estimate_x":-17.207597954912,"estimate_y":6.55030927605688,"rmse_vx":1.01843809804606,"rmse_vy":0.976399607842448,"rmse_x":0.135542394397274,"rmse_y":0.213703307959205}]
x_ = -17.2629
 6.94757
-3.09094
 3.11876
P_ = 0.0159284 0.0200972 0.0186536 0.0307279
0.0200972 0.0620357 0.0345125 0.0865908
0.0186536 0.0345125 0.0787562  0.085339
0.0307279 0.0865908  0.085339  0.258054
42["estimate_marker",{"estimate_x":-17.2628785098947,"estimate_y":6.94756629106192,"rmse_vx":1.01404081647687,"rmse_vy":0.981078541731006,"rmse_x":0.136910628851875,"rmse_y":0.218365749306128}]
x_ = -17.4174
  7.1035
-3.09094
 3.11876
P_ = 0.0180047 0.0235725 0.0231539 0.0349949
0.0235725  0.071354 0.0387794  0.100056
0.0231539 0.0387794  0.101256  0.085339
0.0349949  0.100056  0.085339  0.280554
42["estimate_marker",{"estimate_x":-17.4174255875846,"estimate_y":7.10350434149027,"rmse_vx":1.0104911188886,"rmse_vy":0.986649568033728,"rmse_x":0.138866041269325,"rmse_y":0.224599713979006}]
x_ = -17.5599
 7.26809
 -3.1378
 3.16161
P_ = 0.0168104 0.0215124 0.0203224  0.032268
0.0215124  0.063427 0.0372069 0.0869058
0.0203224 0.0372069 0.0834121 0.0905678
 0.032268 0.0869058 0.0905678  0.256417
42["estimate_marker",{"estimate_x":-17.5599370113435,"estimate_y":7.26809129690861,"rmse_vx":1.00835782550862,"rmse_vy":0.992346945724382,"rmse_x":0.141282853446173,"rmse_y":0.232280209586938}]
x_ = -17.7168
 7.42617
 -3.1378
 3.16161
P_ = 0.0190652 0.0252126 0.0250555 0.0367964
0.0252126 0.0727727 0.0417353  0.100289
0.0250555 0.0417353  0.105912 0.0905678
0.0367964  0.100289 0.0905678  0.278917
42["estimate_marker",{"estimate_x":-17.716827198404,"estimate_y":7.42617189911967,"rmse_vx":1.00737497238867,"rmse_vy":0.998855406312128,"rmse_x":0.144667883071997,"rmse_y":0.241700943253391}]
x_ = -17.7294
 7.89399
-2.79853
 3.53146
P_ = 0.0177524 0.0229857 0.0217724 0.0339609
0.0229857 0.0649036 0.0392444 0.0877515
0.0217724 0.0392444 0.0867497 0.0944225
0.0339609 0.0877515 0.0944225  0.256686
42["estimate_marker",{"estimate_x":-17.7293691789317,"estimate_y":7.89398694886245,"rmse_vx":1.0042460077463,"rmse_vy":1.00044466385086,"rmse_x":0.145830088869526,"rmse_y":0.244526830298253}]
x_ = -17.8693
 8.07056
-2.79853
 3.53146
P_ = 0.0201606  0.026882 0.0266724  0.038682
 0.026882 0.0743345 0.0439655  0.101148
0.0266724 0.0439655   0.10925 0.0944225
 0.038682  0.101148 0.0944225  0.279186
42["estimate_marker",{"estimate_x":-17.8692956041675,"estimate_y":8.07055983881908,"rmse_vx":1.00215375666322,"rmse_vy":1.00271034675574,"rmse_x":0.147669761757801,"rmse_y":0.248463567838849}]
x_ = -17.9382
 8.21464
-2.53937
 3.40153
P_ = 0.0189168 0.0246001 0.0239076 0.0357059
0.0246001 0.0659833 0.0421559 0.0875324
0.0239076 0.0421559 0.0923924 0.0998203
0.0357059 0.0875324 0.0998203  0.253921
42["estimate_marker",{"estimate_x":-17.9381590295611,"estimate_y":8.21463943294697,"rmse_vx":0.998884438490747,"rmse_vy":1.00754484038353,"rmse_x":0.148915273362638,"rmse_y":0.254446870299639}]
x_ = -18.0651
 8.38472
-2.53937
 3.40153
P_ = 0.0215526 0.0287428 0.0290897 0.0406969
0.0287428 0.0753854 0.0471469  0.100791
0.0290897 0.0471469  0.114892 0.0998203
0.0406969  0.100791 0.0998203  0.276421
42["estimate_marker",{"estimate_x":-18.0651276878127,"estimate_y":8.38471575301462,"rmse_vx":0.996630749030652,"rmse_vy":1.01300082034234,"rmse_x":0.150800251089416,"rmse_y":0.261977718716447}]
x_ = -18.0721
 8.81276
-2.14823
 3.63494
P_ = 0.0201184 0.0262065 0.0256851 0.0375344
0.0262065 0.0670619 0.0441877 0.0878587
0.0256851 0.0441877 0.0962735  0.103624
0.0375344 0.0878587  0.103624  0.253322
42["estimate_marker",{"estimate_x":-18.0721103894464,"estimate_y":8.81275947680258,"rmse_vx":0.992449182164,"rmse_vy":1.01558037883542,"rmse_x":0.151295857513588,"rmse_y":0.264861583424819}]
x_ = -18.1795
 8.99451
-2.14823
 3.63494
P_ = 0.0229416 0.0305517 0.0310613 0.0427156
0.0305517 0.0764952  0.049369  0.101087
0.0310613  0.049369  0.118773  0.103624
0.0427156  0.101087  0.103624  0.275822
42["estimate_marker",{"estimate_x":-18.1795218381596,"estimate_y":8.99450642652775,"rmse_vx":0.989104073438898,"rmse_vy":1.01868065613068,"rmse_x":0.152199663706276,"rmse_y":0.26889165788392}]
x_ = -18.1734
 9.40966
 -1.8829
 3.88861
P_ = 0.0215111 0.0278887 0.0280073 0.0392971
0.0278887 0.0678004 0.0468052 0.0873364
0.0280073 0.0468052  0.102009  0.108372
0.0392971 0.0873364  0.108372  0.250291
42["estimate_marker",{"estimate_x":-18.1734208112674,"estimate_y":9.40966327923119,"rmse_vx":0.984940251852164,"rmse_vy":1.01904242836304,"rmse_x":0.152059047153501,"rmse_y":0.269835092436133}]
x_ = -18.2676
 9.60409
 -1.8829
 3.88861
P_ = 0.0245809 0.0324647 0.0336702 0.0447158
0.0324647 0.0771739 0.0522238  0.100413
0.0336702 0.0522238  0.124509  0.108372
0.0447158  0.100413  0.108372  0.272791
42["estimate_marker",{"estimate_x":-18.2675660047506,"estimate_y":9.60409368073154,"rmse_vx":0.98159326636152,"rmse_vy":1.0198214665108,"rmse_x":0.152217032473886,"rmse_y":0.271548876656966}]
x_ = -18.4759
 9.58726
-1.98655
 3.56879
P_ = 0.0231113 0.0296485 0.0306988 0.0410771
0.0296485 0.0682594 0.0495714 0.0863383
0.0306988 0.0495714  0.108628   0.11324
0.0410771 0.0863383   0.11324  0.246213
42["estimate_marker",{"estimate_x":-18.4758547998925,"estimate_y":9.58726024382008,"rmse_vx":0.980115134412836,"rmse_vy":1.02529296814067,"rmse_x":0.154846321774772,"rmse_y":0.278729520257371}]
x_ = -18.5752
  9.7657
-1.98655
 3.56879
P_ = 0.0264668  0.034464 0.0366927 0.0467391
 0.034464 0.0775228 0.0552334 0.0992114
0.0366927 0.0552334  0.131128   0.11324
0.0467391 0.0992114   0.11324  0.268713
42["estimate_marker",{"estimate_x":-18.5751823318146,"estimate_y":9.76569973461664,"rmse_vx":0.979904677978961,"rmse_vy":1.03108847997972,"rmse_x":0.158391615882065,"rmse_y":0.28747530330666}]
x_ = -18.6457
 10.0507
-2.04979
 3.77179
P_ = 0.0246113 0.0313687 0.0323366 0.0431162
0.0313687 0.0691973 0.0508055 0.0871414
0.0323366 0.0508055  0.111079   0.11577
0.0431162 0.0871414   0.11577  0.247451
42["estimate_marker",{"estimate_x":-18.6456521312287,"estimate_y":10.0507153484657,"rmse_vx":0.981873638797414,"rmse_vy":1.03426386828212,"rmse_x":0.162323895959682,"rmse_y":0.29495894237493}]
x_ = -18.7481
 10.2393
-2.04979
 3.77179
P_ = 0.0281367 0.0363542 0.0384531 0.0489047
0.0363542 0.0785442  0.056594  0.100076
0.0384531  0.056594  0.133579   0.11577
0.0489047  0.100076   0.11577  0.269951
42["estimate_marker",{"estimate_x":-18.7481416864993,"estimate_y":10.2393048311211,"rmse_vx":0.98547244549863,"rmse_vy":1.03768822786999,"rmse_x":0.16764664106249,"rmse_y":0.303765839522559}]
x_ = -18.7677
  10.519
-1.72137
 3.75492
P_ = 0.0261719 0.0330846 0.0342667 0.0449271
0.0330846 0.0700788 0.0525037 0.0875195
0.0342667 0.0525037  0.114931  0.118928
